["port 1",""]
["port 2",""]
("port 1","mode 1",1,"port 1",1,"transmission")
(300, 3)
1.8737028625000000e+14 4.5115183713570995e-03 -1.2293979823768644e+00
1.8741206334838350e+14 4.6975966283283616e-03 -1.1823846417281341e+00
1.8745384044676700e+14 4.8908965109061963e-03 -1.1361711075102852e+00
1.8749561754515050e+14 5.0913745710200907e-03 -1.0907210883763698e+00
1.8753739464353400e+14 5.2989831727773828e-03 -1.0459974063092168e+00
1.8757917174191750e+14 5.5136706990877452e-03 -1.0019626173984357e+00
1.8762094884030100e+14 5.7353816686487652e-03 -9.5857951047565082e-01
1.8766272593868450e+14 5.9640567799295408e-03 -9.1581149940654394e-01
1.8770450303706800e+14 6.1996328968399218e-03 -8.7362292432117850e-01
1.8774628013545150e+14 6.4420429888186687e-03 -8.3197927600909549e-01
1.8778805723383500e+14 6.6912160361791307e-03 -7.9084735636901415e-01
1.8782983433221850e+14 6.9470769097957474e-03 -7.5019538633494509e-01
1.8787161143060200e+14 7.2095462326839041e-03 -7.0999307121985933e-01
1.8791338852898550e+14 7.4785402296018242e-03 -6.7021163200846290e-01
1.8795516562736900e+14 7.7539705696934571e-03 -6.3082380981434838e-01
1.8799694272575250e+14 8.0357442061147095e-03 -5.9180384955253029e-01
1.8803871982413600e+14 8.3237632158206249e-03 -5.5312746783252875e-01
1.8808049692251950e+14 8.6179246419375959e-03 -5.1477180918361043e-01
1.8812227402090300e+14 8.9181203406400351e-03 -4.7671539395285745e-01
1.8816405111928650e+14 9.2242368339316722e-03 -4.3893806056502360e-01
1.8820582821767000e+14 9.5361551694266213e-03 -4.0142090428940441e-01
1.8824760531605350e+14 9.8537507878803925e-03 -3.6414621420158272e-01
1.8828938241443700e+14 1.0176893399047527e-02 -3.2709740965778888e-01
1.8833115951282050e+14 1.0505446866226563e-02 -2.9025897729066863e-01
1.8837293661120400e+14 1.0839269099747785e-02 -2.5361640928732071e-01
1.8841471370958750e+14 1.1178211959558284e-02 -2.1715614350814455e-01
1.8845649080797100e+14 1.1522121166976025e-02 -1.8086550584701369e-01
1.8849826790635450e+14 1.1870836225665119e-02 -1.4473265510040076e-01
1.8854004500473800e+14 1.2224190351828517e-02 -1.0874653051565010e-01
1.8858182210312150e+14 1.2582010413621166e-02 -7.2896802108686598e-02
1.8862359920150500e+14 1.2944116879764118e-02 -3.7173823779138665e-02
1.8866537629988853e+14 1.3310323777364554e-02 -1.5685892061611138e-03
1.8870715339827203e+14 1.3680438658943410e-02 3.3927309528366201e-02
1.8874893049665553e+14 1.4054262578687117e-02 6.9321720665899464e-02
1.8879070759503903e+14 1.4431590077971859e-02 1.0462196894370522e-01
1.8883248469342253e+14 1.4812209180221797e-02 1.3983488932128427e-01
1.8887426179180603e+14 1.5195901395176303e-02 1.7496685837545409e-01
1.8891603889018953e+14 1.5582441732690142e-02 2.1002382348538828e-01
1.8895781598857303e+14 1.5971598726186999e-02 2.4501132992688934e-01
1.8899959308695653e+14 1.6363134465932003e-02 2.7993454599675205e-01
1.8904137018534003e+14 1.6756804642298315e-02 3.1479828628438522e-01
1.8908314728372353e+14 1.7152358599231813e-02 3.4960703320454811e-01
1.8912492438210703e+14 1.7549539398137935e-02 3.8436495690170924e-01
1.8916670148049053e+14 1.7948083892436066e-02 4.1907593362962314e-01
1.8920847857887403e+14 1.8347722813041565e-02 4.5374356270746730e-01
1.8925025567725753e+14 1.8748180865052904e-02 4.8837118214548886e-01
1.8929203277564103e+14 1.9149176835935863e-02 5.2296188302980839e-01
1.8933380987402453e+14 1.9550423715516643e-02 5.5751852275025793e-01
1.8937558697240803e+14 1.9951628828088347e-02 5.9204373714969327e-01
1.8941736407079153e+14 2.0352493976956199e-02 6.2653995166760867e-01
1.8945914116917503e+14 2.0752715601756476e-02 6.6100939154776106e-01
1.8950091826755853e+14 2.1151984948859309e-02 6.9545409117270496e-01
1.8954269536594203e+14 2.1549988255202872e-02 7.2987590258598378e-01
1.8958447246432553e+14 2.1946406945862192e-02 7.6427650325634489e-01
1.8962624956270903e+14 2.2340917845694148e-02 7.9865740313610933e-01
1.8966802666109253e+14 2.2733193405323607e-02 8.3301995106218474e-01
1.8970980375947603e+14 2.3122901941802828e-02 8.6736534054211689e-01
1.8975158085785953e+14 2.3509707894189137e-02 9.0169461496912329e-01
1.8979335795624303e+14 2.3893272094299027e-02 9.3600867230211116e-01
1.8983513505462653e+14 2.4273252052862362e-02 9.7030826924680591e-01
1.8987691215301003e+14 2.4649302261272293e-02 1.0045940249710499e+00
1.8991868925139353e+14 2.5021074509086132e-02 1.0388664243837229e+00
1.8996046634977703e+14 2.5388218217412620e-02 1.0731258210057038e+00
1.9000224344816053e+14 2.5750380788249087e-02 1.1073724394586775e+00
1.9004402054654403e+14 2.6107207969816772e-02 1.1416063775948542e+00
1.9008579764492753e+14 2.6458344237873865e-02 1.1758276082900398e+00
1.9012757474331103e+14 2.6803433192934673e-02 1.2100359809197074e+00
1.9016935184169453e+14 2.7142117973274170e-02 1.2442312225361851e+00
1.9021112894007803e+14 2.7474041683522979e-02 1.2784129387636833e+00
1.9025290603846153e+14 2.7798847838591590e-02 1.3125806144261873e+00
1.9029468313684503e+14 2.8116180822616452e-02 1.3467336139215311e+00
1.9033646023522853e+14 2.8425686362512571e-02 1.3808711813536725e+00
1.9037823733361203e+14 2.8727012015677299e-02 1.4149924404342447e+00
1.9042001443199553e+14 2.9019807671281917e-02 1.4490963941615784e+00
1.9046179153037903e+14 2.9303726064531344e-02 1.4831819242862525e+00
1.9050356862876253e+14 2.9578423303176962e-02 1.5172477905682475e+00
1.9054534572714603e+14 2.9843559405496319e-02 1.5512926298319434e+00
1.9058712282552953e+14 3.0098798848845112e-02 1.5853149548219747e+00
1.9062889992391303e+14 3.0343811127847346e-02 1.6193131528619558e+00
1.9067067702229653e+14 3.0578271321152709e-02 1.6532854843174862e+00
1.9071245412068003e+14 3.0801860665656090e-02 1.6872300808620497e+00
1.9075423121906353e+14 3.1014267136968650e-02 1.7211449435440593e+00
1.9079600831744703e+14 3.1215186034844571e-02 1.7550279406503946e+00
1.9083778541583053e+14 3.1404320572228889e-02 1.7888768053617168e+00
1.9087956251421403e+14 3.1581382466487146e-02 1.8226891331910338e+00
1.9092133961259753e+14 3.1746092531314364e-02 1.8564623791969466e+00
1.9096311671098103e+14 3.1898181267802035e-02 1.8901938549602519e+00
1.9100489380936453e+14 3.2037389453035761e-02 1.9238807253094474e+00
1.9104667090774803e+14 3.2163468724580348e-02 1.9575200047805412e+00
1.9108844800613153e+14 3.2276182159180586e-02 1.9911085537918030e+00
1.9113022510451506e+14 3.2375304843953942e-02 2.0246430745133206e+00
1.9117200220289856e+14 3.2460624438351009e-02 2.0581201064069927e+00
1.9121377930128206e+14 3.2531941725148068e-02 2.0915360214106591e+00
1.9125555639966556e+14 3.2589071148742418e-02 2.1248870187356506e+00
1.9129733349804906e+14 3.2631841339038549e-02 2.1581691192444752e+00
1.9133911059643256e+14 3.2660095619230327e-02 2.1913781593707431e+00
1.9138088769481606e+14 3.2673692495849539e-02 2.2245097845398405e+00
1.9142266479319956e+14 3.2672506129492310e-02 2.2575594420436165e+00
1.9146444189158306e+14 3.2656426784698718e-02 2.2905223733178035e+00
1.9150621898996656e+14 3.2625361257563129e-02 2.3233936055656681e+00
1.9154799608835006e+14 3.2579233279752574e-02 2.3561679426646758e+00
1.9158977318673356e+14 3.2517983897689416e-02 2.3888399552875765e+00
1.9163155028511706e+14 3.2441571825846061e-02 2.4214039701612848e+00
1.9167332738350056e+14 3.2349973773172960e-02 2.4538540583794428e+00
1.9171510448188406e+14 3.2243184741919811e-02 2.4861840226766523e+00
1.9175688158026756e+14 3.2121218298200027e-02 2.5183873835623944e+00
1.9179865867865106e+14 3.1984106813911416e-02 2.5504573642019270e+00
1.9184043577703456e+14 3.1831901679797547e-02 2.5823868739219114e+00
1.9188221287541806e+14 3.1664673489648319e-02 2.6141684902043818e+00
1.9192398997380156e+14 3.1482512195908911e-02 2.6457944390191708e+00
1.9196576707218506e+14 3.1285527237176460e-02 2.6772565733316771e+00
1.9200754417056856e+14 3.1073847638364217e-02 2.7085463496036861e+00
1.9204932126895206e+14 3.0847622084588595e-02 2.7396548020880624e+00
1.9209109836733556e+14 3.0607018970115515e-02 2.7705725146986149e+00
1.9213287546571906e+14 3.0352226424058874e-02 2.8012895902121975e+00
1.9217465256410256e+14 3.0083452314815691e-02 2.8317956165383578e+00
1.9221642966248606e+14 2.9800924235621685e-02 2.8620796297619959e+00
1.9225820676086956e+14 2.9504889473955045e-02 2.8921300736377309e+00
1.9229998385925306e+14 2.9195614967935442e-02 2.9219347551807471e+00
1.9234176095763656e+14 2.8873387253290615e-02 2.9514807959641467e+00
1.9238353805602006e+14 2.8538512404911485e-02 2.9807545786949721e+00
1.9242531515440356e+14 2.8191315977518519e-02 3.0097416885983472e+00
1.9246709225278706e+14 2.7832142950474179e-02 3.0384268490963966e+00
1.9250886935117056e+14 2.7461357682368917e-02 3.0667938512192165e+00
1.9255064644955406e+14 2.7079343881578941e-02 3.0948254761362777e+00
1.9259242354793756e+14 2.6686504599737815e-02 3.1225034101439548e+00
1.9263420064632106e+14 2.6283262255710923e-02 3.1498081513907201e+00
1.9267597774470456e+14 2.5870058698526641e-02 3.1767189075704794e+00
1.9271775484308806e+14 2.5447355318564562e-02 3.2032134837615649e+00
1.9275953194147156e+14 2.5015633217254037e-02 3.2292681595462844e+00
1.9280130903985506e+14 2.4575393446605472e-02 3.2548575545090719e+00
1.9284308613823856e+14 2.4127157331016575e-02 3.2799544811920094e+00
1.9288486323662206e+14 2.3671466885035630e-02 3.3045297845913746e+00
1.9292664033500556e+14 2.3208885342131658e-02 3.3285521673160927e+00
1.9296841743338906e+14 2.2739997810867024e-02 3.3519879996173114e+00
1.9301019453177256e+14 2.2265412076440450e-02 3.3748011136539673e+00
1.9305197163015606e+14 2.1785759567013539e-02 3.3969525816088306e+00
1.9309374872853956e+14 2.1301696505766094e-02 3.4184004776475367e+00
1.9313552582692306e+14 2.0813905270978105e-02 3.4390996242636920e+00
1.9317730292530656e+14 2.0323095987598145e-02 3.4590013243298818e+00
1.9321908002369006e+14 1.9830008374457600e-02 3.4780530812580368e+00
1.9326085712207356e+14 1.9335413871297773e-02 3.4961983111489170e+00
1.9330263422045706e+14 1.8840118068740065e-02 3.5133760527996789e+00
1.9334441131884056e+14 1.8344963461683690e-02 3.5295206840874962e+00
1.9338618841722406e+14 1.7850832541706434e-02 3.5445616567246399e+00
1.9342796551560756e+14 1.7358651235907012e-02 3.5584232658972819e+00
1.9346974261399106e+14 1.6869392687078842e-02 3.5710244770788671e+00
1.9351151971237456e+14 1.6384081351486769e-02 3.5822788396020204e+00
1.9355329681075806e+14 1.5903797363942200e-02 3.5920945255903316e+00
1.9359507390914156e+14 1.5429681082835588e-02 3.6003745437667938e+00
1.9363685100752506e+14 1.4962936592258837e-02 3.6070171578276291e+00
1.9367862810590856e+14 1.4504838363363186e-02 3.6119167038647264e+00
1.9372040520429209e+14 1.4056735134898860e-02 3.6149647814282346e+00
1.9376218230267559e+14 1.3620050875163414e-02 3.6160518687497563e+00
1.9380395940105909e+14 1.3196287629674541e-02 3.6150696660736092e+00
1.9384573649944259e+14 1.2787025207727046e-02 3.6119141637199679e+00
1.9388751359782609e+14 1.2393917972034056e-02 3.6064895771203078e+00
1.9392929069620959e+14 1.2018687735690717e-02 3.5987132330221967e+00
1.9397106779459309e+14 1.1663111648134692e-02 3.5885214320351611e+00
1.9401284489297659e+14 1.1329003905122186e-02 3.5758762151467147e+00
1.9405462199136009e+14 1.1018190202733256e-02 3.5607728197773212e+00
1.9409639908974359e+14 1.0732474137319432e-02 3.5432474256753905e+00
1.9413817618812709e+14 1.0473595292861343e-02 3.5233845767771084e+00
1.9417995328651059e+14 1.0243179589855713e-02 3.5013234545168834e+00
1.9422173038489409e+14 1.0042683574721319e-02 3.4772620233172753e+00
1.9426350748327759e+14 9.8733355996868232e-03 3.4514580363651834e+00
1.9430528458166109e+14 9.7360780735188217e-03 3.4242260428856692e+00
1.9434706168004459e+14 9.6315158643309525e-03 3.3959299114916788e+00
1.9438883877842809e+14 9.5598761994484353e-03 3.3669709556518033e+00
1.9443061587681159e+14 9.5209848089023007e-03 3.3377724233572987e+00
1.9447239297519509e+14 9.5142615613997821e-03 3.3087617419655864e+00
1.9451417007357859e+14 9.5387366537304005e-03 3.2803523250891882e+00
1.9455594717196209e+14 9.5930859601265142e-03 3.2529268318299089e+00
1.9459772427034559e+14 9.6756819436312116e-03 3.2268234948462937e+00
1.9463950136872909e+14 9.7846550205615470e-03 3.2023265830157226e+00
1.9468127846711259e+14 9.9179596874664436e-03 3.1796613889555387e+00
1.9472305556549609e+14 1.0073440048014288e-02 3.1589934966075903e+00
1.9476483266387959e+14 1.0248890387984440e-02 3.1404316131924888e+00
1.9480660976226309e+14 1.0442107812850961e-02 3.1240329974916787e+00
1.9484838686064659e+14 1.0650935367937276e-02 3.1098104709613081e+00
1.9489016395903009e+14 1.0873295274953286e-02 3.0977401056853844e+00
1.9493194105741359e+14 1.1107212820712972e-02 3.0877688758538260e+00
1.9497371815579709e+14 1.1350832001166909e-02 3.0798217772637440e+00
1.9501549525418059e+14 1.1602424297982455e-02 3.0738081205935037e+00
1.9505727235256409e+14 1.1860392017786844e-02 3.0696268668200846e+00
1.9509904945094759e+14 1.2123267531844889e-02 3.0671709906169333e+00
1.9514082654933109e+14 1.2389709581996882e-02 3.0663309331904447e+00
1.9518260364771459e+14 1.2658497615510864e-02 3.0669972478124983e+00
1.9522438074609809e+14 1.2928524909457981e-02 3.0690625584812299e+00
1.9526615784448159e+14 1.3198791062196720e-02 3.0724229530386524e+00
1.9530793494286509e+14 1.3468394274200594e-02 3.0769789233184746e+00
1.9534971204124859e+14 1.3736523714398567e-02 3.0826359513028785e+00
1.9539148913963209e+14 1.4002452169752350e-02 3.0893048250098540e+00
1.9543326623801559e+14 1.4265529101310142e-02 3.0969017528806257e+00
1.9547504333639909e+14 1.4525174175247122e-02 3.1053483318201853e+00
1.9551682043478259e+14 1.4780871298392518e-02 3.1145714122565327e+00
1.9555859753316609e+14 1.5032163160821057e-02 3.1245028937074659e+00
1.9560037463154959e+14 1.5278646270297496e-02 3.1350794762908869e+00
1.9564215172993309e+14 1.5519966452176211e-02 3.1462423871706151e+00
1.9568392882831659e+14 1.5755814782020070e-02 3.1579370958681103e+00
1.9572570592670009e+14 1.5985923915193701e-02 3.1701130284444909e+00
1.9576748302508359e+14 1.6210064776934638e-02 3.1827232875498219e+00
1.9580926012346709e+14 1.6428043577192828e-02 3.1957243830700399e+00
1.9585103722185059e+14 1.6639699116218501e-02 3.2090759764016559e+00
1.9589281432023409e+14 1.6844900349136098e-02 3.2227406401366174e+00
1.9593459141861759e+14 1.7043544180233218e-02 3.2366836340309106e+00
1.9597636851700109e+14 1.7235553460302058e-02 3.2508726974824222e+00
1.9601814561538459e+14 1.7420875162900820e-02 3.2652778582930204e+00
1.9605992271376809e+14 1.7599478717852737e-02 3.2798712571825051e+00
1.9610169981215159e+14 1.7771354482567021e-02 3.2946269873266276e+00
1.9614347691053512e+14 1.7936512333873788e-02 3.3095209480717314e+00
1.9618525400891862e+14 1.8094980364963983e-02 3.3245307119170056e+00
1.9622703110730212e+14 1.8246803673777512e-02 3.3396354038343707e+00
1.9626880820568562e+14 1.8392043230716453e-02 3.3548155920020646e+00
1.9631058530406912e+14 1.8530774814977075e-02 3.3700531890528151e+00
1.9635236240245262e+14 1.8663088010036476e-02 3.3853313629745565e+00
1.9639413950083612e+14 1.8789085249951130e-02 3.4006344568451490e+00
1.9643591659921962e+14 1.8908880909121014e-02 3.4159479166292561e+00
1.9647769369760312e+14 1.9022600429076837e-02 3.4312582263139699e+00
1.9651947079598662e+14 1.9130379476649820e-02 3.4465528497062974e+00
1.9656124789437012e+14 1.9232363128619881e-02 3.4618201782618256e+00
1.9660302499275362e+14 1.9328705078567283e-02 3.4770494843540192e+00
1.9664480209113712e+14 1.9419566862311249e-02 3.4922308794364492e+00
1.9668657918952062e+14 1.9505117098778946e-02 3.5073552765838114e+00
1.9672835628790412e+14 1.9585530743763412e-02 3.5224143569318729e+00
1.9677013338628762e+14 1.9660988354383839e-02 3.5374005395670554e+00
1.9681191048467112e+14 1.9731675362591555e-02 3.5523069544431860e+00
1.9685368758305462e+14 1.9797781356412653e-02 3.5671274179282020e+00
1.9689546468143812e+14 1.9859499368028655e-02 3.5818564106063109e+00
1.9693724177982162e+14 1.9917025168162784e-02 3.5964890569822527e+00
1.9697901887820512e+14 1.9970556566567821e-02 3.6110211067538747e+00
1.9702079597658862e+14 2.0020292718760834e-02 3.6254489173369668e+00
1.9706257307497212e+14 2.0066433439430164e-02 3.6397694373453260e+00
1.9710435017335562e+14 2.0109178523271935e-02 3.6539801907443477e+00
1.9714612727173912e+14 2.0148727074257144e-02 3.6680792614159485e+00
1.9718790437012262e+14 2.0185276844613076e-02 3.6820652778868888e+00
1.9722968146850612e+14 2.0219023585018786e-02 3.6959373979937187e+00
1.9727145856688962e+14 2.0250160407766626e-02 3.7096952932724743e+00
1.9731323566527312e+14 2.0278877164807804e-02 3.7233391328833858e+00
1.9735501276365662e+14 2.0305359842787130e-02 3.7368695668988825e+00
1.9739678986204012e+14 2.0329789977328032e-02 3.7502877088051871e+00
1.9743856696042362e+14 2.0352344088912309e-02 3.7635951170902295e+00
1.9748034405880712e+14 2.0373193142827210e-02 3.7767937758127594e+00
1.9752212115719062e+14 2.0392502035678869e-02 3.7898860740731384e+00
1.9756389825557412e+14 2.0410429110985871e-02 3.8028747843291884e+00
1.9760567535395762e+14 2.0427125706368843e-02 3.8157630395278077e+00
1.9764745245234112e+14 2.0442735734776802e-02 3.8285543090474308e+00
1.9768922955072462e+14 2.0457395302107870e-02 3.8412523734727286e+00
1.9773100664910812e+14 2.0471232363454276e-02 3.8538612982477742e+00
1.9777278374749162e+14 2.0484366420012331e-02 3.8663854062793499e+00
1.9781456084587512e+14 2.0496908258536749e-02 3.8788292495846566e+00
1.9785633794425862e+14 2.0508959734931720e-02 3.8911975801008465e+00
1.9789811504264212e+14 2.0520613603354849e-02 3.9034953197929072e+00
1.9793989214102562e+14 2.0531953391874507e-02 3.9157275302154968e+00
1.9798166923940912e+14 2.0543053325441148e-02 3.9278993816993104e+00
1.9802344633779262e+14 2.0553978296567386e-02 3.9400161223455741e+00
1.9806522343617612e+14 2.0564783883797923e-02 3.9520830470216537e+00
1.9810700053455962e+14 2.0575516417651044e-02 3.9641054665576010e+00
1.9814877763294312e+14 2.0586213093409723e-02 3.9760886773465551e+00
1.9819055473132662e+14 2.0596902129727188e-02 3.9880379315521646e+00
1.9823233182971012e+14 2.0607602971712040e-02 3.9999584081216732e+00
1.9827410892809362e+14 2.0618326536793224e-02 4.0118551847987547e+00
1.9831588602647712e+14 2.0629075501368357e-02 4.0237332113189481e+00
1.9835766312486062e+14 2.0639844625921118e-02 4.0355972839600955e+00
1.9839944022324412e+14 2.0650621116067268e-02 4.0474520216034362e+00
1.9844121732162762e+14 2.0661385016708302e-02 4.0593018434473240e+00
1.9848299442001112e+14 2.0672109636294549e-02 4.0711509484953723e+00
1.9852477151839462e+14 2.0682761998032474e-02 4.0830032969217900e+00
1.9856654861677812e+14 2.0693303314703836e-02 4.0948625933974458e+00
1.9860832571516162e+14 2.0703689483727705e-02 4.1067322724383715e+00
1.9865010281354512e+14 2.0713871598966677e-02 4.1186154858191628e+00
1.9869187991192862e+14 2.0723796475798289e-02 4.1305150920719953e+00
1.9873365701031212e+14 2.0733407185975199e-02 4.1424336480745279e+00
1.9877543410869566e+14 2.0742643598806169e-02 4.1543734027096892e+00
1.9881721120707916e+14 2.0751442925307315e-02 4.1663362925643481e+00
1.9885898830546266e+14 2.0759740262018538e-02 4.1783239396179646e+00
1.9890076540384616e+14 2.0767469131338458e-02 4.1903376508587424e+00
1.9894254250222966e+14 2.0774562015343372e-02 4.2023784197515859e+00
1.9898431960061316e+14 2.0780950880229878e-02 4.2144469294733158e+00
1.9902609669899666e+14 2.0786567688683529e-02 4.2265435578212518e+00
1.9906787379738016e+14 2.0791344897643872e-02 4.2386683836943364e+00
1.9910965089576366e+14 2.0795215939161605e-02 4.2508211950420449e+00
1.9915142799414716e+14 2.0798115682197228e-02 4.2630014981726125e+00
1.9919320509253066e+14 2.0799980873422084e-02 4.2752085283097383e+00
1.9923498219091416e+14 2.0800750555288128e-02 4.2874412612880306e+00
1.9927675928929766e+14 2.0800366459809590e-02 4.2996984262771827e+00
1.9931853638768116e+14 2.0798773376704431e-02 4.3119785194273437e+00
1.9936031348606466e+14 2.0795919494703354e-02 4.3242798183313047e+00
1.9940209058444816e+14 2.0791756715056030e-02 4.3366003972016447e+00
1.9944386768283166e+14 2.0786240936369646e-02 4.3489381426669000e+00
1.9948564478121516e+14 2.0779332310144720e-02 4.3612907700932277e+00
1.9952742187959866e+14 2.0770995466475876e-02 4.3736558403446075e+00
1.9956919897798216e+14 2.0761199709555023e-02 4.3860307768980409e+00
1.9961097607636566e+14 2.0749919182745609e-02 4.3984128832360545e+00
1.9965275317474916e+14 2.0737133003117754e-02 4.4107993604425122e+00
1.9969453027313266e+14 2.0722825365469596e-02 4.4231873249326954e+00
1.9973630737151616e+14 2.0706985615953580e-02 4.4355738262519155e+00
1.9977808446989966e+14 2.0689608295549240e-02 4.4479558648815196e+00
1.9981986156828316e+14 2.0670693153727621e-02 4.4603304099927943e+00
1.9986163866666666e+14 2.0650245132709463e-02 4.4726944170933773e+00
("port 1","mode 1",1,"port 2",1,"transmission")
(300, 3)
1.8737028625000000e+14 2.7505513944747334e-01 -2.1316835295425913e+00
1.8741206334838350e+14 2.7920759968261943e-01 -2.0943661757948782e+00
1.8745384044676700e+14 2.8342431771016530e-01 -2.0567662156968960e+00
1.8749561754515050e+14 2.8770352682280120e-01 -2.0188857857272557e+00
1.8753739464353400e+14 2.9204340737102863e-01 -1.9807274212942492e+00
1.8757917174191750e+14 2.9644209223345552e-01 -1.9422940225647147e+00
1.8762094884030100e+14 3.0089767214214896e-01 -1.9035888205877498e+00
1.8766272593868450e+14 3.0540820082400877e-01 -1.8646153439369042e+00
1.8770450303706800e+14 3.0997169992036799e-01 -1.8253773860776064e+00
1.8774628013545150e+14 3.1458616364917791e-01 -1.7858789736489562e+00
1.8778805723383500e+14 3.1924956317685971e-01 -1.7461243358329253e+00
1.8782983433221850e+14 3.2395985067071614e-01 -1.7061178749665693e+00
1.8787161143060200e+14 3.2871496300718289e-01 -1.6658641385364859e+00
1.8791338852898550e+14 3.3351282511644526e-01 -1.6253677926776846e+00
1.8795516562736900e+14 3.3835135294997043e-01 -1.5846335972807126e+00
1.8799694272575250e+14 3.4322845606383273e-01 -1.5436663827938253e+00
1.8803871982413600e+14 3.4814203981779507e-01 -1.5024710287869598e+00
1.8808049692251950e+14 3.5309000719715367e-01 -1.4610524443255037e+00
1.8812227402090300e+14 3.5807026027161393e-01 -1.4194155501816803e+00
1.8816405111928650e+14 3.6308070131252129e-01 -1.3775652628905484e+00
1.8820582821767000e+14 3.6811923359635956e-01 -1.3355064806381360e+00
1.8824760531605350e+14 3.7318376192858921e-01 -1.2932440709475941e+00
1.8828938241443700e+14 3.7827219292704134e-01 -1.2507828601107649e+00
1.8833115951282050e+14 3.8338243510842202e-01 -1.2081276242926882e+00
1.8837293661120400e+14 3.8851239882465338e-01 -1.1652830822184941e+00
1.8841471370958750e+14 3.9365999609731006e-01 -1.1222538893383618e+00
1.8845649080797100e+14 3.9882314039925243e-01 -1.0790446333490022e+00
1.8849826790635450e+14 4.0399974643127962e-01 -1.0356598309411471e+00
1.8854004500473800e+14 4.0918772993945923e-01 -9.9210392563169569e-01
1.8858182210312150e+14 4.1438500761488034e-01 -9.4838128653445319e-01
1.8862359920150500e+14 4.1958949711272675e-01 -9.0449620791922969e-01
1.8866537629988853e+14 4.2479911722138358e-01 -8.6045290940960795e-01
1.8870715339827203e+14 4.3001178820523944e-01 -8.1625553667299267e-01
1.8874893049665553e+14 4.3522543233715394e-01 -7.7190816246224769e-01
1.8879070759503903e+14 4.4043797462832440e-01 -7.2741478787781866e-01
1.8883248469342253e+14 4.4564734375486753e-01 -6.8277934373101890e-01
1.8887426179180603e+14 4.5085147317224789e-01 -6.3800569190261214e-01
1.8891603889018953e+14 4.5604830240073757e-01 -5.9309762660722887e-01
1.8895781598857303e+14 4.6123577845786223e-01 -5.4805887549152077e-01
1.8899959308695653e+14 4.6641185740762631e-01 -5.0289310051157643e-01
1.8904137018534003e+14 4.7157450599098732e-01 -4.5760389855496136e-01
1.8908314728372353e+14 4.7672170329851421e-01 -4.1219480179015539e-01
1.8912492438210703e+14 4.8185144244371952e-01 -3.6666927774494240e-01
1.8916670148049053e+14 4.8696173219505545e-01 -3.2103072913113195e-01
1.8920847857887403e+14 4.9205059852537097e-01 -2.7528249344928679e-01
1.8925025567725753e+14 4.9711608604037094e-01 -2.2942784241888189e-01
1.8929203277564103e+14 5.0215625925167306e-01 -1.8346998129064943e-01
1.8933380987402453e+14 5.0716920366556661e-01 -1.3741204810563776e-01
1.8937558697240803e+14 5.1215302666540596e-01 -9.1257112969870047e-02
1.8941736407079153e+14 5.1710585817310262e-01 -4.5008177416563676e-02
1.8945914116917503e+14 5.2202585108371091e-01 1.3318260742278710e-03
1.8950091826755853e+14 5.2691118147576532e-01 4.7760034332027065e-02
1.8954269536594203e+14 5.3176004860882053e-01 9.4273653468433208e-02
1.8958447246432553e+14 5.3657067472824771e-01 1.4086995851542150e-01
1.8962624956270903e+14 5.4134130470509023e-01 1.8754629268914003e-01
1.8966802666109253e+14 5.4607020554590369e-01 2.3430006625277719e-01
1.8970980375947603e+14 5.5075566581318880e-01 2.8112875496508888e-01
1.8975158085785953e+14 5.5539599500147208e-01 3.2802989811672506e-01
1.8979335795624303e+14 5.5998952291665050e-01 3.7500109616992028e-01
1.8983513505462653e+14 5.6453459910736525e-01 4.2204000803273922e-01
1.8987691215301003e+14 5.6902959239620265e-01 4.6914434801184413e-01
1.8991868925139353e+14 5.7347289055586437e-01 5.1631188249979632e-01
1.8996046634977703e+14 5.7786290017110187e-01 5.6354042646398572e-01
1.9000224344816053e+14 5.8219804672102360e-01 6.1082783981117206e-01
1.9004402054654403e+14 5.8647677490903050e-01 6.5817202370884498e-01
1.9008579764492753e+14 5.9069754925886730e-01 7.0557091694622620e-01
1.9012757474331103e+14 5.9485885498576385e-01 7.5302249241908226e-01
1.9016935184169453e+14 5.9895919914159712e-01 8.0052475382046195e-01
1.9021112894007803e+14 6.0299711202240791e-01 8.4807573261173175e-01
1.9025290603846153e+14 6.0697114881679082e-01 8.9567348534406743e-01
1.9029468313684503e+14 6.1087989146378874e-01 9.4331609138769856e-01
1.9033646023522853e+14 6.1472195068027391e-01 9.9100165111514271e-01
1.9037823733361203e+14 6.1849596811030527e-01 1.0387282845713066e+00
1.9042001443199553e+14 6.2220061854286357e-01 1.0864941306472451e+00
1.9046179153037903e+14 6.2583461214016356e-01 1.1342973467600261e+00
1.9050356862876253e+14 6.2939669661643260e-01 1.1821361090243698e+00
1.9054534572714603e+14 6.3288565930675511e-01 1.2300086128873335e+00
1.9058712282552953e+14 6.3630032906739731e-01 1.2779130741813296e+00
1.9062889992391303e+14 6.3963957795297721e-01 1.3258477305388581e+00
1.9067067702229653e+14 6.4290232262162839e-01 1.3738108431000178e+00
1.9071245412068003e+14 6.4608752542701853e-01 1.4218006984345701e+00
1.9075423121906353e+14 6.4919419516519905e-01 1.4698156105941407e+00
1.9079600831744703e+14 6.5222138745466973e-01 1.5178539232046528e+00
1.9083778541583053e+14 6.5516820473936288e-01 1.5659140115090675e+00
1.9087956251421403e+14 6.5803379591602928e-01 1.6139942842712518e+00
1.9092133961259753e+14 6.6081735559933807e-01 1.6620931854562135e+00
1.9096311671098103e+14 6.6351812304966351e-01 1.7102091956097640e+00
1.9100489380936453e+14 6.6613538079922008e-01 1.7583408328689381e+00
1.9104667090774803e+14 6.6866845302206346e-01 1.8064866535475996e+00
1.9108844800613153e+14 6.7111670370164778e-01 1.8546452522541237e+00
1.9113022510451506e+14 6.7347953465618349e-01 1.9028152615140719e+00
1.9117200220289856e+14 6.7575638348658751e-01 1.9509953508848816e+00
1.9121377930128206e+14 6.7794672151416413e-01 1.9991842255678551e+00
1.9125555639966556e+14 6.8005005177532529e-01 2.0473806245365798e+00
1.9129733349804906e+14 6.8206590713856186e-01 2.0955833182179102e+00
1.9133911059643256e+14 6.8399384860453882e-01 2.1437911057746066e+00
1.9138088769481606e+14 6.8583346384390520e-01 2.1920028120523711e+00
1.9142266479319956e+14 6.8758436601916662e-01 2.2402172842632768e+00
1.9146444189158306e+14 6.8924619292729516e-01 2.2884333884869399e+00
1.9150621898996656e+14 6.9081860648874804e-01 2.3366500060758568e+00
1.9154799608835006e+14 6.9230129259678763e-01 2.3848660300539457e+00
1.9158977318673356e+14 6.9369396132871064e-01 2.4330803615982668e+00
1.9163155028511706e+14 6.9499634750831285e-01 2.4812919066896315e+00
1.9167332738350056e+14 6.9620821159700619e-01 2.5294995730135956e+00
1.9171510448188406e+14 6.9732934087989562e-01 2.5777022671841787e+00
1.9175688158026756e+14 6.9835955090323076e-01 2.6258988923532818e+00
1.9179865867865106e+14 6.9929868711116006e-01 2.6740883462550622e+00
1.9184043577703456e+14 7.0014662662318916e-01 2.7222695197219959e+00
1.9188221287541806e+14 7.0090328008911906e-01 2.7704412956938715e+00
1.9192398997380156e+14 7.0156859355582479e-01 2.8186025487245199e+00
1.9196576707218506e+14 7.0214255028018568e-01 2.8667521449781712e+00
1.9200754417056856e+14 7.0262517242446509e-01 2.9148889426886231e+00
1.9204932126895206e+14 7.0301652257485370e-01 2.9630117930427113e+00
1.9209109836733556e+14 7.0331670503012056e-01 3.0111195414362895e+00
1.9213287546571906e+14 7.0352586681544593e-01 3.0592110290389050e+00
1.9217465256410256e+14 7.0364419838611436e-01 3.1072850945959609e+00
1.9221642966248606e+14 7.0367193399641648e-01 3.1553405763891593e+00
1.9225820676086956e+14 7.0360935172069483e-01 3.2033763142736245e+00
1.9229998385925306e+14 7.0345677312524935e-01 3.2513911517082867e+00
1.9234176095763656e+14 7.0321456260162574e-01 3.2993839376978911e+00
1.9238353805602006e+14 7.0288312638308048e-01 3.3473535285701748e+00
1.9242531515440356e+14 7.0246291127642491e-01 3.3952987895174092e+00
1.9246709225278706e+14 7.0195440315059443e-01 3.4432185958421515e+00
1.9250886935117056e+14 7.0135812523086571e-01 3.4911118338572176e+00
1.9255064644955406e+14 7.0067463625339199e-01 3.5389774014036890e+00
1.9259242354793756e+14 6.9990452853847618e-01 3.5868142079634575e+00
1.9263420064632106e+14 6.9904842604260353e-01 3.6346211743586085e+00
1.9267597774470456e+14 6.9810698244868474e-01 3.6823972320440497e+00
1.9271775484308806e+14 6.9708087935126117e-01 3.7301413220141582e+00
1.9275953194147156e+14 6.9597082458871096e-01 3.7778523933586405e+00
1.9280130903985506e+14 6.9477755076796821e-01 3.8255294015137857e+00
1.9284308613823856e+14 6.9350181401907485e-01 3.8731713062673037e+00
1.9288486323662206e+14 6.9214439300757347e-01 3.9207770695828152e+00
1.9292664033500556e+14 6.9070608822233170e-01 3.9683456533163142e+00
1.9296841743338906e+14 6.8918772154553498e-01 4.0158760169015109e+00
1.9301019453177256e+14 6.8759013610055941e-01 4.0633671150807764e+00
1.9305197163015606e+14 6.8591419636261219e-01 4.1108178957581263e+00
1.9309374872853956e+14 6.8416078850687501e-01 4.1582272980455217e+00
1.9313552582692306e+14 6.8233082095970021e-01 4.2055942505681045e+00
1.9317730292530656e+14 6.8042522511057046e-01 4.2529176700837032e+00
1.9321908002369006e+14 6.7844495613626199e-01 4.3001964604623648e+00
1.9326085712207356e+14 6.7639099388421187e-01 4.3474295120584348e+00
1.9330263422045706e+14 6.7426434375963173e-01 4.3946157014941116e+00
1.9334441131884056e+14 6.7206603756044403e-01 4.4417538918596859e+00
1.9338618841722406e+14 6.6979713420582232e-01 4.4888429333198854e+00
1.9342796551560756e+14 6.6745872030767694e-01 4.5358816641029716e+00
1.9346974261399106e+14 6.6505191053998103e-01 4.5828689118342325e+00
1.9351151971237456e+14 6.6257784776793116e-01 4.6298034951642295e+00
1.9355329681075806e+14 6.6003770290744890e-01 4.6766842256320631e+00
1.9359507390914156e+14 6.5743267449527465e-01 4.7235099096926696e+00
1.9363685100752506e+14 6.5476395175569513e-01 4.7702793883748251e+00
1.9367862810590856e+14 6.5203278382954766e-01 4.8169914573310315e+00
1.9372040520429209e+14 6.4924048255096223e-01 4.8636448802619316e+00
1.9376218230267559e+14 6.4638834735933992e-01 4.9102384638934389e+00
1.9380395940105909e+14 6.4347769887046802e-01 4.9567710198698514e+00
1.9384573649944259e+14 6.4050987686561778e-01 5.0032413661578818e+00
1.9388751359782609e+14 6.3748623813554828e-01 5.0496483281022506e+00
1.9392929069620959e+14 6.3440815423205255e-01 5.0959907390867638e+00
1.9397106779459309e+14 6.3127700918305296e-01 5.1422674407690074e+00
1.9401284489297659e+14 6.2809419722890025e-01 5.1884772828688162e+00
1.9405462199136009e+14 6.2486112063677934e-01 5.2346191225093550e+00
1.9409639908974359e+14 6.2157918764776443e-01 5.2806918231226465e+00
1.9413817618812709e+14 6.1824981060663853e-01 5.3266942529476609e+00
1.9417995328651059e+14 6.1487440431839424e-01 5.3726252831641270e+00
1.9422173038489409e+14 6.1145438466783530e-01 5.4184837857174006e+00
1.9426350748327759e+14 6.0799116752972304e-01 5.4642686309027253e+00
1.9430528458166109e+14 6.0448616798720056e-01 5.5099786847858550e+00
1.9434706168004459e+14 6.0094079986579796e-01 5.5556128065453771e+00
1.9438883877842809e+14 5.9735647557982341e-01 5.6011698458253472e+00
1.9443061587681159e+14 5.9373460627738139e-01 5.6466486401900333e+00
1.9447239297519509e+14 5.9007660226036107e-01 5.6920480127708428e+00
1.9451417007357859e+14 5.8638387364656741e-01 5.7373667701916382e+00
1.9455594717196209e+14 5.8265783123308712e-01 5.7826037008527900e+00
1.9459772427034559e+14 5.7889988751346688e-01 5.8277575736439351e+00
1.9463950136872909e+14 5.7511145779610662e-01 5.8728271371452330e+00
1.9468127846711259e+14 5.7129396136804655e-01 5.9178111193629608e+00
1.9472305556549609e+14 5.6744882264693142e-01 5.9627082280303529e+00
1.9476483266387959e+14 5.6357747226428645e-01 6.0075171514895969e+00
1.9480660976226309e+14 5.5968134802568037e-01 6.0522365601531938e+00
1.9484838686064659e+14 5.5576189569731560e-01 6.0968651085277932e+00
1.9489016395903009e+14 5.5182056957434100e-01 6.1414014377669615e+00
1.9493194105741359e+14 5.4785883279324588e-01 6.1858441787045395e+00
1.9497371815579709e+14 5.4387815735891820e-01 6.2301919553075358e+00
1.9501549525418059e+14 5.3988002386613765e-01 6.2744433884747135e+00
1.9505727235256409e+14 5.3586592090489005e-01 6.3185971000992955e+00
1.9509904945094759e+14 5.3183734414881401e-01 6.3626517173063633e+00
1.9514082654933109e+14 5.2779579513587171e-01 6.4066058767728098e+00
1.9518260364771459e+14 5.2374277975980088e-01 6.4504582290354957e+00
1.9522438074609809e+14 5.1967980649944001e-01 6.4942074426963599e+00
1.9526615784448159e+14 5.1560838442075907e-01 6.5378522084377240e+00
1.9530793494286509e+14 5.1153002099290967e-01 6.5813912427676060e+00
1.9534971204124859e+14 5.0744621976434823e-01 6.6248232914274103e+00
1.9539148913963209e+14 5.0335847794890032e-01 6.6681471324031696e+00
1.9543326623801559e+14 4.9926828397315093e-01 6.7113615784977627e+00
1.9547504333639909e+14 4.9517711503675566e-01 6.7544654794362753e+00
1.9551682043478259e+14 4.9108643473582031e-01 6.7974577234916795e+00
1.9555859753316609e+14 4.8699769079634503e-01 6.8403372386356676e+00
1.9560037463154959e+14 4.8291231296036119e-01 6.8831029932340853e+00
1.9564215172993309e+14 4.7883171106159944e-01 6.9257539963229604e+00
1.9568392882831659e+14 4.7475727332085771e-01 6.9682892975142572e+00
1.9572570592670009e+14 4.7069036488364935e-01 7.0107079865939292e+00
1.9576748302508359e+14 4.6663232661482185e-01 7.0530091928839189e+00
1.9580926012346709e+14 4.6258447415641174e-01 7.0951920844491037e+00
1.9585103722185059e+14 4.5854809724690421e-01 7.1372558672347344e+00
1.9589281432023409e+14 4.5452445929201274e-01 7.1791997842228019e+00
1.9593459141861759e+14 4.5051479716974768e-01 7.2210231146959618e+00
1.9597636851700109e+14 4.4652032124591201e-01 7.2627251736936804e+00
1.9601814561538459e+14 4.4254221557046636e-01 7.3043053117405030e+00
1.9605992271376809e+14 4.3858163822062785e-01 7.3457629149174535e+00
1.9610169981215159e+14 4.3463972175330234e-01 7.3870974053369860e+00
1.9614347691053512e+14 4.3071757372731129e-01 7.4283082420700763e+00
1.9618525400891862e+14 4.2681627725533899e-01 7.4693949225586733e+00
1.9622703110730212e+14 4.2293689154597158e-01 7.5103569845333649e+00
1.9626880820568562e+14 4.1908045239822428e-01 7.5511940084386495e+00
1.9631058530406912e+14 4.1524797261391505e-01 7.5919056203533319e+00
1.9635236240245262e+14 4.1144044229731414e-01 7.6324914953782761e+00
1.9639413950083612e+14 4.0765882901647083e-01 7.6729513614478533e+00
1.9643591659921962e+14 4.0390407780618304e-01 7.7132850035093554e+00
1.9647769369760312e+14 4.0017711099868541e-01 7.7534922680022511e+00
1.9651947079598662e+14 3.9647882787446986e-01 7.7935730675593797e+00
1.9656124789437012e+14 3.9281010413203471e-01 7.8335273858455849e+00
1.9660302499275362e+14 3.8917179118164502e-01 7.8733552824430770e+00
1.9664480209113712e+14 3.8556471527400105e-01 7.9130568976917974e+00
1.9668657918952062e+14 3.8198967648010995e-01 7.9526324573925207e+00
1.9672835628790412e+14 3.7844744754330695e-01 7.9920822772835809e+00
1.9677013338628762e+14 3.7493877262819436e-01 8.0314067672076419e+00
1.9681191048467112e+14 3.7146436599427735e-01 8.0706064348917046e+00
1.9685368758305462e+14 3.6802491062399512e-01 8.1096818892737250e+00
1.9689546468143812e+14 3.6462105683587059e-01 8.1486338433197609e+00
1.9693724177982162e+14 3.6125342091354978e-01 8.1874631162875549e+00
1.9697901887820512e+14 3.5792258378048636e-01 8.2261706354061594e+00
1.9702079597658862e+14 3.5462908974838248e-01 8.2647574369531505e+00
1.9706257307497212e+14 3.5137344536478132e-01 8.3032246667256651e+00
1.9710435017335562e+14 3.4815611838216454e-01 8.3415735799122928e+00
1.9714612727173912e+14 3.4497753686694987e-01 8.3798055403871370e+00
1.9718790437012262e+14 3.4183808846295149e-01 8.4179220194547888e+00
1.9722968146850612e+14 3.3873811981932939e-01 8.4559245940860599e+00
1.9727145856688962e+14 3.3567793618870789e-01 8.4938149446908984e+00
1.9731323566527312e+14 3.3265780119690269e-01 8.5315948524792109e+00
1.9735501276365662e+14 3.2967793678140578e-01 8.5692661964651542e+00
1.9739678986204012e+14 3.2673852329225861e-01 8.6068309501687921e+00
1.9743856696042362e+14 3.2383969974534471e-01 8.6442911780708940e+00
1.9748034405880712e+14 3.2098156421553331e-01 8.6816490318715562e+00
1.9752212115719062e+14 3.1816417435483807e-01 8.7189067465993997e+00
1.9756389825557412e+14 3.1538754801917906e-01 8.7560666366123510e+00
1.9760567535395762e+14 3.1265166398653121e-01 8.7931310915225236e+00
1.9764745245234112e+14 3.0995646274893235e-01 8.8301025720708974e+00
1.9768922955072462e+14 3.0730184736129978e-01 8.8669836059676292e+00
1.9773100664910812e+14 3.0468768433094168e-01 8.9037767837061779e+00
1.9777278374749162e+14 3.0211380453326242e-01 8.9404847543498107e+00
1.9781456084587512e+14 2.9958000414104269e-01 8.9771102212822207e+00
1.9785633794425862e+14 2.9708604555705931e-01 9.0136559379065169e+00
1.9789811504264212e+14 2.9463165834237592e-01 9.0501247032713277e+00
1.9793989214102562e+14 2.9221654013531612e-01 9.0865193575991796e+00
1.9798166923940912e+14 2.8984035755896087e-01 9.1228427776889003e+00
1.9802344633779262e+14 2.8750274711762158e-01 9.1590978721643719e+00
1.9806522343617612e+14 2.8520331608530258e-01 9.1952875765424391e+00
1.9810700053455962e+14 2.8294164339138955e-01 9.2314148480961773e+00
1.9814877763294312e+14 2.8071728051069428e-01 9.2674826604950056e+00
1.9819055473132662e+14 2.7852975236651095e-01 9.3034939982086975e+00
1.9823233182971012e+14 2.7637855825631796e-01 9.3394518506711641e+00
1.9827410892809362e+14 2.7426317281031937e-01 9.3753592062080280e+00
1.9831588602647712e+14 2.7218304699299828e-01 9.4112190457424436e+00
1.9835766312486062e+14 2.7013760915742019e-01 9.4470343363026892e+00
1.9839944022324412e+14 2.6812626616096880e-01 9.4828080243661539e+00
1.9844121732162762e+14 2.6614840454981292e-01 9.5185430290832702e+00
1.9848299442001112e+14 2.6420339181755287e-01 9.5542422354343941e+00
1.9852477151839462e+14 2.6229057774129633e-01 9.5899084873803773e+00
1.9856654861677812e+14 2.6040929579605215e-01 9.6255445810736013e+00
1.9860832571516162e+14 2.5855886464567163e-01 9.6611532582015531e+00
1.9865010281354512e+14 2.5673858970590019e-01 9.6967371995375213e+00
1.9869187991192862e+14 2.5494776477249786e-01 9.7322990187729204e+00
1.9873365701031212e+14 2.5318567370469203e-01 9.7678412567060722e+00
1.9877543410869566e+14 2.5145159215201862e-01 9.8033663758560827e+00
1.9881721120707916e+14 2.4974478931043356e-01 9.8388767555657761e+00
1.9885898830546266e+14 2.4806452969180071e-01 9.8743746876504748e+00
1.9890076540384616e+14 2.4641007488971139e-01 9.9098623726370043e+00
1.9894254250222966e+14 2.4478068532356473e-01 9.9453419166285570e+00
1.9898431960061316e+14 2.4317562194266384e-01 9.9808153288162735e+00
1.9902609669899666e+14 2.4159414787218811e-01 1.0016284519646028e+01
1.9906787379738016e+14 2.4003552998369848e-01 1.0051751299633851e+01
1.9910965089576366e+14 2.3849904037405997e-01 1.0087217378809797e+01
1.9915142799414716e+14 2.3698395773840278e-01 1.0122684366756650e+01
1.9919320509253066e+14 2.3548956862502249e-01 1.0158153773195091e+01
1.9923498219091416e+14 2.3401516856259225e-01 1.0193627009057661e+01
1.9927675928929766e+14 2.3256006305303301e-01 1.0229105387981917e+01
1.9931853638768116e+14 2.3112356842648923e-01 1.0264590128145848e+01
1.9936031348606466e+14 2.2970501255806278e-01 1.0300082354362875e+01
1.9940209058444816e+14 2.2830373544932236e-01 1.0335583100349799e+01
1.9944386768283166e+14 2.2691908968072838e-01 1.0371093311081157e+01
1.9948564478121516e+14 2.2555044074420355e-01 1.0406613845144793e+01
1.9952742187959866e+14 2.2419716726784727e-01 1.0442145477018304e+01
1.9956919897798216e+14 2.2285866114715036e-01 1.0477688899193454e+01
1.9961097607636566e+14 2.2153432759912331e-01 1.0513244724084469e+01
1.9965275317474916e+14 2.2022358515714843e-01 1.0548813485668475e+01
1.9969453027313266e+14 2.1892586562534161e-01 1.0584395640818890e+01
1.9973630737151616e+14 2.1764061401148943e-01 1.0619991570308029e+01
1.9977808446989966e+14 2.1636728845743228e-01 1.0655601579469371e+01
1.9981986156828316e+14 2.1510536018484816e-01 1.0691225898526922e+01
1.9986163866666666e+14 2.1385431347299613e-01 1.0726864682613957e+01
("port 2","mode 1",1,"port 1",1,"transmission")
(300, 3)
1.8737028625000000e+14 2.4703786318911211e-01 -2.0901250621292853e+00
1.8741206334838350e+14 2.5076501789063260e-01 -2.0537875979667430e+00
1.8745384044676700e+14 2.5455369707792541e-01 -2.0171825298325019e+00
1.8749561754515050e+14 2.5840284618236792e-01 -1.9803115574561643e+00
1.8753739464353400e+14 2.6231137830092366e-01 -1.9431766723553381e+00
1.8757917174191750e+14 2.6627817650139063e-01 -1.9057801303024637e+00
1.8762094884030100e+14 2.7030209596375782e-01 -1.8681244248032798e+00
1.8766272593868450e+14 2.7438196595865355e-01 -1.8302122616840995e+00
1.8770450303706800e+14 2.7851659166498155e-01 -1.7920465348625076e+00
1.8774628013545150e+14 2.8270475582989335e-01 -1.7536303033548934e+00
1.8778805723383500e+14 2.8694522027498259e-01 -1.7149667695559909e+00
1.8782983433221850e+14 2.9123672725334626e-01 -1.6760592588085301e+00
1.8787161143060200e+14 2.9557800066268658e-01 -1.6369112002670332e+00
1.8791338852898550e+14 2.9996774711996216e-01 -1.5975261090476436e+00
1.8795516562736900e+14 3.0440465690359936e-01 -1.5579075696443931e+00
1.8799694272575250e+14 3.0888740476927246e-01 -1.5180592205851160e+00
1.8803871982413600e+14 3.1341465064558738e-01 -1.4779847402914548e+00
1.8808049692251950e+14 3.1798504021599361e-01 -1.4376878341027115e+00
1.8812227402090300e+14 3.2259720539328696e-01 -1.3971722224185645e+00
1.8816405111928650e+14 3.2724976469308659e-01 -1.3564416299119588e+00
1.8820582821767000e+14 3.3194132351250472e-01 -1.3154997757621609e+00
1.8824760531605350e+14 3.3667047432029129e-01 -1.2743503648553296e+00
1.8828938241443700e+14 3.4143579676446856e-01 -1.2329970799005285e+00
1.8833115951282050e+14 3.4623585770343890e-01 -1.1914435744081739e+00
1.8837293661120400e+14 3.5106921116649542e-01 -1.1496934664780685e+00
1.8841471370958750e+14 3.5593439824922879e-01 -1.1077503333472836e+00
1.8845649080797100e+14 3.6082994694958082e-01 -1.0656177066462647e+00
1.8849826790635450e+14 3.6575437194982063e-01 -1.0232990683158640e+00
1.8854004500473800e+14 3.7070617434981962e-01 -9.8079784713787721e-01
1.8858182210312150e+14 3.7568384135669525e-01 -9.3811741583502128e-01
1.8862359920150500e+14 3.8068584593590959e-01 -8.9526108869738696e-01
1.8866537629988853e+14 3.8571064642872877e-01 -8.5223211969481250e-01
1.8870715339827203e+14 3.9075668614085446e-01 -8.0903370103708827e-01
1.8874893049665553e+14 3.9582239290699744e-01 -7.6566896214544455e-01
1.8879070759503903e+14 4.0090617863602118e-01 -7.2214096900140190e-01
1.8883248469342253e+14 4.0600643884125076e-01 -6.7845272384120370e-01
1.8887426179180603e+14 4.1112155216049306e-01 -6.3460716516558657e-01
1.8891603889018953e+14 4.1624987987025031e-01 -5.9060716803701929e-01
1.8895781598857303e+14 4.2138976539858830e-01 -5.4645554463858859e-01
1.8899959308695653e+14 4.2653953384109461e-01 -5.0215504506959452e-01
1.8904137018534003e+14 4.3169749148430092e-01 -4.5770835835612800e-01
1.8908314728372353e+14 4.3686192534100793e-01 -4.1311811365500428e-01
1.8912492438210703e+14 4.4203110270186458e-01 -3.6838688163211197e-01
1.8916670148049053e+14 4.4720327070764382e-01 -3.2351717599656410e-01
1.8920847857887403e+14 4.5237665594653953e-01 -2.7851145517471815e-01
1.8925025567725753e+14 4.5754946408092595e-01 -2.3337212410804895e-01
1.8929203277564103e+14 4.6271987950796634e-01 -1.8810153616082223e-01
1.8933380987402453e+14 4.6788606505846503e-01 -1.4270199512444889e-01
1.8937558697240803e+14 4.7304616173840419e-01 -9.7175757305787799e-02
1.8941736407079153e+14 4.7819828851751772e-01 -5.1525033688726060e-02
1.8945914116917503e+14 4.8334054216933864e-01 -5.7519921579424951e-03
1.8950091826755853e+14 4.8847099716709241e-01 4.0141240224709357e-02
1.8954269536594203e+14 4.9358770563978394e-01 8.6152574900205114e-02
1.8958447246432553e+14 4.9868869739284544e-01 1.3227995945771981e-01
1.8962624956270903e+14 5.0377197999756929e-01 1.7852137525261672e-01
1.8966802666109253e+14 5.0883553895361411e-01 2.2487483500510724e-01
1.8970980375947603e+14 5.1387733792865975e-01 2.7133838038613151e-01
1.8975158085785953e+14 5.1889531907937247e-01 3.1791007959763284e-01
1.8979335795624303e+14 5.2388740345753404e-01 3.6458802495281345e-01
1.8983513505462653e+14 5.2885149150521937e-01 4.1137033046279009e-01
1.8987691215301003e+14 5.3378546364267720e-01 4.5825512943521007e-01
1.8991868925139353e+14 5.3868718095239876e-01 5.0524057209001416e-01
1.8996046634977703e+14 5.4355448596272860e-01 5.5232482319813603e-01
1.9000224344816053e+14 5.4838520353403508e-01 5.9950605974739313e-01
1.9004402054654403e+14 5.5317714185032107e-01 6.4678246864120725e-01
1.9008579764492753e+14 5.5792809351879147e-01 6.9415224443415013e-01
1.9012757474331103e+14 5.6263583677966111e-01 7.4161358710924430e-01
1.9016935184169453e+14 5.6729813682815544e-01 7.8916469990222848e-01
1.9021112894007803e+14 5.7191274725013741e-01 8.3680378717537585e-01
1.9025290603846153e+14 5.7647741157270183e-01 8.8452905234697443e-01
1.9029468313684503e+14 5.8098986493032634e-01 9.3233869587963392e-01
1.9033646023522853e+14 5.8544783584698712e-01 9.8023091333168655e-01
1.9037823733361203e+14 5.8984904813404604e-01 1.0282038934761497e+00
1.9042001443199553e+14 5.9419122290318982e-01 1.0762558164904772e+00
1.9046179153037903e+14 5.9847208069327551e-01 1.1243848522215001e+00
1.9050356862876253e+14 6.0268934370929339e-01 1.1725891585288803e+00
1.9054534572714603e+14 6.0684073817117579e-01 1.2208668797112898e+00
1.9058712282552953e+14 6.1092399676947662e-01 1.2692161450180741e+00
1.9062889992391303e+14 6.1493686122446467e-01 1.3176350672503889e+00
1.9067067702229653e+14 6.1887708494445770e-01 1.3661217414547926e+00
1.9071245412068003e+14 6.2274243577864286e-01 1.4146742437122692e+00
1.9075423121906353e+14 6.2653069885902013e-01 1.4632906300261266e+00
1.9079600831744703e+14 6.3023967952537385e-01 1.5119689353107326e+00
1.9083778541583053e+14 6.3386720632665761e-01 1.5607071724841988e+00
1.9087956251421403e+14 6.3741113409148842e-01 1.6095033316671004e+00
1.9092133961259753e+14 6.4086934705982590e-01 1.6583553794891086e+00
1.9096311671098103e+14 6.4423976206738276e-01 1.7072612585058795e+00
1.9100489380936453e+14 6.4752033177364476e-01 1.7562188867269681e+00
1.9104667090774803e+14 6.5070904792392592e-01 1.8052261572565880e+00
1.9108844800613153e+14 6.5380394463529468e-01 1.8542809380476353e+00
1.9113022510451506e+14 6.5680310169582778e-01 1.9033810717702337e+00
1.9117200220289856e+14 6.5970464786609029e-01 1.9525243757940169e+00
1.9121377930128206e+14 6.6250676417152143e-01 2.0017086422851316e+00
1.9125555639966556e+14 6.6520768717392476e-01 2.0509316384164866e+00
1.9129733349804906e+14 6.6780571221011276e-01 2.1001911066910068e+00
1.9133911059643256e+14 6.7029919658549941e-01 2.1494847653761466e+00
1.9138088769481606e+14 6.7268656271030558e-01 2.1988103090485449e+00
1.9142266479319956e+14 6.7496630116599365e-01 2.2481654092460674e+00
1.9146444189158306e+14 6.7713697368953807e-01 2.2975477152252242e+00
1.9150621898996656e+14 6.7919721606324490e-01 2.3469548548209511e+00
1.9154799608835006e+14 6.8114574089796820e-01 2.3963844354052237e+00
1.9158977318673356e+14 6.8298134029785962e-01 2.4458340449414377e+00
1.9163155028511706e+14 6.8470288839506599e-01 2.4953012531296750e+00
1.9167332738350056e+14 6.8630934374319053e-01 2.5447836126391108e+00
1.9171510448188406e+14 6.8779975155884709e-01 2.5942786604222148e+00
1.9175688158026756e+14 6.8917324580116779e-01 2.6437839191063022e+00
1.9179865867865106e+14 6.9042905107972097e-01 2.6932968984562140e+00
1.9184043577703456e+14 6.9156648438204538e-01 2.7428150969029046e+00
1.9188221287541806e+14 6.9258495661273622e-01 2.7923360031320188e+00
1.9192398997380156e+14 6.9348397393679029e-01 2.8418570977252404e+00
1.9196576707218506e+14 6.9426313892091984e-01 2.8913758548498132e+00
1.9200754417056856e+14 6.9492215146728586e-01 2.9408897439877566e+00
1.9204932126895206e+14 6.9546080953523126e-01 2.9903962316987971e+00
1.9209109836733556e+14 6.9587900964746074e-01 3.0398927834104472e+00
1.9213287546571906e+14 6.9617674717821765e-01 3.0893768652275742e+00
1.9217465256410256e+14 6.9635411642198430e-01 3.1388459457552855e+00
1.9221642966248606e+14 6.9641131044233950e-01 3.1882974979273140e+00
1.9225820676086956e+14 6.9634862070158732e-01 3.2377290008336232e+00
1.9229998385925306e+14 6.9616643647287912e-01 3.2871379415400881e+00
1.9234176095763656e+14 6.9586524403754046e-01 3.3365218168934012e+00
1.9238353805602006e+14 6.9544562567130208e-01 3.3858781353051715e+00
1.9242531515440356e+14 6.9490825842417714e-01 3.4352044185079951e+00
1.9246709225278706e+14 6.9425391269957082e-01 3.4844982032780072e+00
1.9250886935117056e+14 6.9348345063917793e-01 3.5337570431174750e+00
1.9255064644955406e+14 6.9259782432100647e-01 3.5829785098923925e+00
1.9259242354793756e+14 6.9159807377868421e-01 3.6321601954189826e+00
1.9263420064632106e+14 6.9048532485091885e-01 3.6812997129946590e+00
1.9267597774470456e+14 6.8926078687059489e-01 3.7303946988685985e+00
1.9271775484308806e+14 6.8792575020365465e-01 3.7794428136474467e+00
1.9275953194147156e+14 6.8648158364832157e-01 3.8284417436328448e+00
1.9280130903985506e+14 6.8492973170574867e-01 3.8773892020865155e+00
1.9284308613823856e+14 6.8327171173346191e-01 3.9262829304204190e+00
1.9288486323662206e+14 6.8150911099328337e-01 3.9751206993091581e+00
1.9292664033500556e+14 6.7964358360562405e-01 4.0239003097221611e+00
1.9296841743338906e+14 6.7767684742211154e-01 4.0726195938745278e+00
1.9301019453177256e+14 6.7561068082864095e-01 4.1212764160943589e+00
1.9305197163015606e+14 6.7344691949084845e-01 4.1698686736062527e+00
1.9309374872853956e+14 6.7118745305393701e-01 4.2183942972300787e+00
1.9313552582692306e+14 6.6883422180861740e-01 4.2668512519954565e+00
1.9317730292530656e+14 6.6638921333471590e-01 4.3152375376716199e+00
1.9321908002369006e+14 6.6385445913366903e-01 4.3635511892138448e+00
1.9326085712207356e+14 6.6123203126084718e-01 4.4117902771274009e+00
1.9330263422045706e+14 6.5852403896820477e-01 4.4599529077503419e+00
1.9334441131884056e+14 6.5573262536732324e-01 4.5080372234573920e+00
1.9338618841722406e+14 6.5285996412249037e-01 4.5560414027863807e+00
1.9342796551560756e+14 6.4990825618285319e-01 4.6039636604904199e+00
1.9346974261399106e+14 6.4687972656224946e-01 4.6518022475178311e+00
1.9351151971237456e+14 6.4377662117466583e-01 4.6995554509231408e+00
1.9355329681075806e+14 6.4060120373269203e-01 4.7472215937131921e+00
1.9359507390914156e+14 6.3735575271586509e-01 4.7947990346299525e+00
1.9363685100752506e+14 6.3404247982077866e-01 4.8422862526875532e+00
1.9367862810590856e+14 6.3066368741453172e-01 4.8896816898708551e+00
1.9372040520429209e+14 6.2722176098278981e-01 4.9369837296521437e+00
1.9376218230267559e+14 6.2371900990676798e-01 4.9841908703821067e+00
1.9380395940105909e+14 6.2015774440548543e-01 5.0313016442244409e+00
1.9384573649944259e+14 6.1654027303020453e-01 5.0783146166484521e+00
1.9388751359782609e+14 6.1286890025935759e-01 5.1252283858884571e+00
1.9392929069620959e+14 6.0914592419604829e-01 5.1720415823743107e+00
1.9397106779459309e+14 6.0537363436952607e-01 5.2187528681384814e+00
1.9401284489297659e+14 6.0155430964179712e-01 5.2653609362025255e+00
1.9405462199136009e+14 5.9769021621968055e-01 5.3118645099492792e+00
1.9409639908974359e+14 5.9378360577246736e-01 5.3582623424845153e+00
1.9413817618812709e+14 5.8983671365471457e-01 5.4045532159926921e+00
1.9417995328651059e+14 5.8585175723334082e-01 5.4507359410918870e+00
1.9422173038489409e+14 5.8183093431787380e-01 5.4968093561917311e+00
1.9426350748327759e+14 5.7777642169223187e-01 5.5427723268594136e+00
1.9430528458166109e+14 5.7369037374619880e-01 5.5886237451977170e+00
1.9434706168004459e+14 5.6957492120435715e-01 5.6343625292400823e+00
1.9438883877842809e+14 5.6543216995010193e-01 5.6799876223661885e+00
1.9443061587681159e+14 5.6126419994197840e-01 5.7254979927428327e+00
1.9447239297519509e+14 5.5707306421948821e-01 5.7708926327940366e+00
1.9451417007357859e+14 5.5286078799525629e-01 5.8161705587041750e+00
1.9455594717196209e+14 5.4862936783030003e-01 5.8613308099585728e+00
1.9459772427034559e+14 5.4438077088906245e-01 5.9063724489246603e+00
1.9463950136872909e+14 5.4011693427066154e-01 5.9512945604778720e+00
1.9468127846711259e+14 5.3583976441282966e-01 5.9960962516756355e+00
1.9472305556549609e+14 5.3155113656486241e-01 6.0407766514827435e+00
1.9476483266387959e+14 5.2725289432587608e-01 6.0853349105518495e+00
1.9480660976226309e+14 5.2294684924469947e-01 6.1297702010615538e+00
1.9484838686064659e+14 5.1863478047762657e-01 6.1740817166155919e+00
1.9489016395903009e+14 5.1431843450032666e-01 6.2182686722057436e+00
1.9493194105741359e+14 5.0999952487023414e-01 6.2623303042410052e+00
1.9497371815579709e+14 5.0567973203570549e-01 6.3062658706459818e+00
1.9501549525418059e+14 5.0136070318839443e-01 6.3500746510301447e+00
1.9505727235256409e+14 4.9704405215526137e-01 6.3937559469306500e+00
1.9509904945094759e+14 4.9273135932677209e-01 6.4373090821301719e+00
1.9514082654933109e+14 4.8842417161785373e-01 6.4807334030520565e+00
1.9518260364771459e+14 4.8412400245837228e-01 6.5240282792335904e+00
1.9522438074609809e+14 4.7983233180990142e-01 6.5671931038790881e+00
1.9526615784448159e+14 4.7555060620568118e-01 6.6102272944939315e+00
1.9530793494286509e+14 4.7128023881090175e-01 6.6531302935993581e+00
1.9534971204124859e+14 4.6702260950027835e-01 6.6959015695301627e+00
1.9539148913963209e+14 4.6277906495038967e-01 6.7385406173138360e+00
1.9543326623801559e+14 4.5855091874409321e-01 6.7810469596316798e+00
1.9547504333639909e+14 4.5433945148455712e-01 6.8234201478617571e+00
1.9551682043478259e+14 4.5014591091665357e-01 6.8656597632021814e+00
1.9555859753316609e+14 4.4597151205346425e-01 6.9077654178743044e+00
1.9560037463154959e+14 4.4181743730595197e-01 6.9497367564035688e+00
1.9564215172993309e+14 4.3768483661385132e-01 6.9915734569765577e+00
1.9568392882831659e+14 4.3357482757611526e-01 7.0332752328715182e+00
1.9572570592670009e+14 4.2948849557924529e-01 7.0748418339600585e+00
1.9576748302508359e+14 4.2542689392218197e-01 7.1162730482760503e+00
1.9580926012346709e+14 4.2139104393641003e-01 7.1575687036485958e+00
1.9585103722185059e+14 4.1738193510018329e-01 7.1987286693944936e+00
1.9589281432023409e+14 4.1340052514592340e-01 7.2397528580654642e+00
1.9593459141861759e+14 4.0944774015993102e-01 7.2806412272452228e+00
1.9597636851700109e+14 4.0552447467382591e-01 7.3213937813900287e+00
1.9601814561538459e+14 4.0163159174716578e-01 7.3620105737067831e+00
1.9605992271376809e+14 3.9776992304092951e-01 7.4024917080617048e+00
1.9610169981215159e+14 3.9394026888166811e-01 7.4428373409118560e+00
1.9614347691053512e+14 3.9014339831628636e-01 7.4830476832520851e+00
1.9618525400891862e+14 3.8638004915760138e-01 7.5231230025680071e+00
1.9622703110730212e+14 3.8265092802090100e-01 7.5630636247867615e+00
1.9626880820568562e+14 3.7895671035198247e-01 7.6028699362152716e+00
1.9631058530406912e+14 3.7529804044719717e-01 7.6425423854559735e+00
1.9635236240245262e+14 3.7167553146620808e-01 7.6820814852897721e+00
1.9639413950083612e+14 3.6808976543836408e-01 7.7214878145145072e+00
1.9643591659921962e+14 3.6454129326361900e-01 7.7607620197277605e+00
1.9647769369760312e+14 3.6103063470916147e-01 7.7999048170420329e+00
1.9651947079598662e+14 3.5755827840298587e-01 7.8389169937197698e+00
1.9656124789437012e+14 3.5412468182576329e-01 7.8777994097162534e+00
1.9660302499275362e+14 3.5073027130253953e-01 7.9165529991168970e+00
1.9664480209113712e+14 3.4737544199581194e-01 7.9551787714565618e+00
1.9668657918952062e+14 3.4406055790169254e-01 7.9936778129076984e+00
1.9672835628790412e+14 3.4078595185096361e-01 8.0320512873242862e+00
1.9677013338628762e+14 3.3755192551683855e-01 8.0703004371290685e+00
1.9681191048467112e+14 3.3435874943142285e-01 8.1084265840308944e+00
1.9685368758305462e+14 3.3120666301282797e-01 8.1464311295602414e+00
1.9689546468143812e+14 3.2809587460500189e-01 8.1843155554107732e+00
1.9693724177982162e+14 3.2502656153233733e-01 8.2220814235754212e+00
1.9697901887820512e+14 3.2199887017116469e-01 8.2597303762665781e+00
1.9702079597658862e+14 3.1901291604022297e-01 8.2972641356097263e+00
1.9706257307497212e+14 3.1606878391219650e-01 8.3346845031019647e+00
1.9710435017335562e+14 3.1316652794843525e-01 8.3719933588262929e+00
1.9714612727173912e+14 3.1030617185877374e-01 8.4091926604158349e+00
1.9718790437012262e+14 3.0748770908854417e-01 8.4462844417606977e+00
1.9722968146850612e+14 3.0471110303461524e-01 8.4832708114534210e+00
1.9727145856688962e+14 3.0197628729225423e-01 8.5201539509698794e+00
1.9731323566527312e+14 2.9928316593456772e-01 8.5569361125831840e+00
1.9735501276365662e+14 2.9663161382600212e-01 8.5936196170114822e+00
1.9739678986204012e+14 2.9402147697146941e-01 8.6302068507993273e+00
1.9743856696042362e+14 2.9145257290227183e-01 8.6667002634372317e+00
1.9748034405880712e+14 2.8892469109999536e-01 8.7031023642232359e+00
1.9752212115719062e+14 2.8643759345930048e-01 8.7394157188730563e+00
1.9756389825557412e+14 2.8399101479033001e-01 8.7756429458874710e+00
1.9760567535395762e+14 2.8158466336129095e-01 8.8117867126861125e+00
1.9764745245234112e+14 2.7921822148149950e-01 8.8478497315200002e+00
1.9768922955072462e+14 2.7689134612502375e-01 8.8838347551754921e+00
1.9773100664910812e+14 2.7460366959472926e-01 8.9197445724851363e+00
1.9777278374749162e+14 2.7235480022639846e-01 8.9555820036611156e+00
1.9781456084587512e+14 2.7014432313230430e-01 8.9913498954695665e+00
1.9785633794425862e+14 2.6797180098336826e-01 9.0270511162646478e+00
1.9789811504264212e+14 2.6583677482884444e-01 9.0626885509024255e+00
1.9793989214102562e+14 2.6373876495217563e-01 9.0982650955563322e+00
1.9798166923940912e+14 2.6167727176149447e-01 9.1337836524556035e+00
1.9802344633779262e+14 2.5965177671299577e-01 9.1692471245700808e+00
1.9806522343617612e+14 2.5766174326517971e-01 9.2046584102643685e+00
1.9810700053455962e+14 2.5570661786181204e-01 9.2400203979450044e+00
1.9814877763294312e+14 2.5378583094118423e-01 9.2753359607247603e+00
1.9819055473132662e+14 2.5189879796918951e-01 9.3106079511272934e+00
1.9823233182971012e+14 2.5004492049346538e-01 9.3458391958561098e+00
1.9827410892809362e+14 2.4822358721580459e-01 9.3810324906505826e+00
1.9831588602647712e+14 2.4643417507984292e-01 9.4161905952519973e+00
1.9835766312486062e+14 2.4467605037100842e-01 9.4513162285007137e+00
1.9839944022324412e+14 2.4294856982557481e-01 9.4864120635858598e+00
1.9844121732162762e+14 2.4125108174563151e-01 9.5214807234667376e+00
1.9848299442001112e+14 2.3958292711675894e-01 9.5565247764847410e+00
1.9852477151839462e+14 2.3794344072514845e-01 9.5915467321829855e+00
1.9856654861677812e+14 2.3633195227094911e-01 9.6265490373488749e+00
1.9860832571516162e+14 2.3474778747463271e-01 9.6615340722941472e+00
1.9865010281354512e+14 2.3319026917320126e-01 9.6965041473848803e+00
1.9869187991192862e+14 2.3165871840317789e-01 9.7314614998316120e+00
1.9873365701031212e+14 2.3015245546732735e-01 9.7664082907499115e+00
1.9877543410869566e+14 2.2867080098223744e-01 9.8013466024976097e+00
1.9881721120707916e+14 2.2721307690397702e-01 9.8362784362944105e+00
1.9885898830546266e+14 2.2577860752912488e-01 9.8712057101288089e+00
1.9890076540384616e+14 2.2436672046873288e-01 9.9061302569530021e+00
1.9894254250222966e+14 2.2297674759280334e-01 9.9410538231675147e+00
1.9898431960061316e+14 2.2160802594314635e-01 9.9759780673936937e+00
1.9902609669899666e+14 2.2025989861256295e-01 1.0010904559531980e+01
1.9906787379738016e+14 2.1893171558857000e-01 1.0045834780101398e+01
1.9910965089576366e+14 2.1762283455998399e-01 1.0080770119855126e+01
1.9915142799414716e+14 2.1633262168491710e-01 1.0115711879665913e+01
1.9919320509253066e+14 2.1506045231894738e-01 1.0150661270672311e+01
1.9923498219091416e+14 2.1380571170237406e-01 1.0185619414678017e+01
1.9927675928929766e+14 2.1256779560565650e-01 1.0220587344793900e+01
1.9931853638768116e+14 2.1134611093240591e-01 1.0255566006312101e+01
1.9936031348606466e+14 2.1014007627934420e-01 1.0290556257801098e+01
1.9940209058444816e+14 2.0894912245295336e-01 1.0325558872409399e+01
1.9944386768283166e+14 2.0777269294266090e-01 1.0360574539365691e+01
1.9948564478121516e+14 2.0661024435054245e-01 1.0395603865662483e+01
1.9952742187959866e+14 2.0546124677774191e-01 1.0430647377910036e+01
1.9956919897798216e+14 2.0432518416792772e-01 1.0465705524347607e+01
1.9961097607636566e+14 2.0320155460824316e-01 1.0500778676998101e+01
1.9965275317474916e+14 2.0208987058837705e-01 1.0535867133953184e+01
1.9969453027313266e+14 2.0098965921846626e-01 1.0570971121775097e+01
1.9973630737151616e+14 1.9990046240667672e-01 1.0606090798002603e+01
1.9977808446989966e+14 1.9882183699743408e-01 1.0641226253747309e+01
1.9981986156828316e+14 1.9775335487133114e-01 1.0676377516368323e+01
1.9986163866666666e+14 1.9669460300786606e-01 1.0711544552212537e+01
("port 2","mode 1",1,"port 2",1,"transmission")
(300, 3)
1.8737028625000000e+14 4.9123596348961754e-02 4.2637321803135492e-01
1.8741206334838350e+14 4.9062316114306885e-02 4.8877548243931945e-01
1.8745384044676700e+14 4.8965535894628244e-02 5.5128069139327096e-01
1.8749561754515050e+14 4.8833048569179027e-02 6.1382002342061259e-01
1.8753739464353400e+14 4.8665094240141003e-02 6.7632467329169821e-01
1.8757917174191750e+14 4.8462351792861527e-02 7.3872636857698826e-01
1.8762094884030100e+14 4.8225926813757404e-02 8.0095788547220692e-01
1.8766272593868450e+14 4.7957335914486636e-02 8.6295357854784105e-01
1.8770450303706800e+14 4.7658487458646280e-02 9.2464993797345285e-01
1.8774628013545150e+14 4.7331658643050438e-02 9.8598618609136635e-01
1.8778805723383500e+14 4.6979468851657269e-02 1.0469049228868967e+00
1.8782983433221850e+14 4.6604849179292446e-02 1.1073528268211963e+00
1.8787161143060200e+14 4.6211008017886586e-02 1.1672814135418537e+00
1.8791338852898550e+14 4.5801392613840218e-02 1.2266478500715492e+00
1.8795516562736900e+14 4.5379646546196868e-02 1.2854158161488647e+00
1.8799694272575250e+14 4.4949563145849268e-02 1.3435563974916207e+00
1.8803871982413600e+14 4.4515034980565887e-02 1.4010489880435768e+00
1.8808049692251950e+14 4.4079999671996391e-02 1.4578821700815456e+00
1.8812227402090300e+14 4.3648382489664322e-02 1.5140545329432766e+00
1.8816405111928650e+14 4.3224036380762484e-02 1.5695753838447730e+00
1.8820582821767000e+14 4.2810680335296898e-02 1.6244652987319885e+00
1.8824760531605350e+14 4.2411837241349615e-02 1.6787564584403347e+00
1.8828938241443700e+14 4.2030772635428655e-02 1.7324927166831074e+00
1.8833115951282050e+14 4.1670435973977044e-02 1.7857293524711702e+00
1.8837293661120400e+14 4.1333406216047808e-02 1.8385324709969393e+00
1.8841471370958750e+14 4.1021843585320870e-02 1.8909780337328368e+00
1.8845649080797100e+14 4.0737449347027353e-02 1.9431505197008867e+00
1.8849826790635450e+14 4.0481435274699176e-02 1.9951412439602927e+00
1.8854004500473800e+14 4.0254504188639448e-02 2.0470463840721491e+00
1.8858182210312150e+14 4.0056842532493551e-02 2.0989647879310587e+00
1.8862359920150500e+14 3.9888125443578649e-02 2.1509956541922217e+00
1.8866537629988853e+14 3.9747534205799552e-02 2.2032361872899440e+00
1.8870715339827203e+14 3.9633785401011513e-02 2.2557793313117909e+00
1.8874893049665553e+14 3.9545170546034222e-02 2.3087116804604912e+00
1.8879070759503903e+14 3.9479604564698720e-02 2.3621116493798131e+00
1.8883248469342253e+14 3.9434681131619936e-02 2.4160479661355456e+00
1.8887426179180603e+14 3.9407732755449558e-02 2.4705785266794154e+00
1.8891603889018953e+14 3.9395893446242072e-02 2.5257496249398135e+00
1.8895781598857303e+14 3.9396161919967421e-02 2.5815955498111416e+00
1.8899959308695653e+14 3.9405463507961681e-02 2.6381385212149051e+00
1.8904137018534003e+14 3.9420709227804794e-02 2.6953889232806780e+00
1.8908314728372353e+14 3.9438850800849454e-02 2.7533457839792930e+00
1.8912492438210703e+14 3.9456930739345336e-02 2.8119974469685900e+00
1.8916670148049053e+14 3.9472126946913759e-02 2.8713223822596139e+00
1.8920847857887403e+14 3.9481791561757393e-02 2.9312900865443892e+00
1.8925025567725753e+14 3.9483484010934891e-02 2.9918620305644721e+00
1.8929203277564103e+14 3.9474998431608357e-02 3.0529926186955643e+00
1.8933380987402453e+14 3.9454385751566741e-02 3.1146301341261435e+00
1.8937558697240803e+14 3.9419970810619785e-02 3.1767176509525750e+00
1.8941736407079153e+14 3.9370364952508258e-02 3.2391939017550175e+00
1.8945914116917503e+14 3.9304474531051597e-02 3.3019940955031313e+00
1.8950091826755853e+14 3.9221505761233476e-02 3.3650506858498517e+00
1.8954269536594203e+14 3.9120966312567784e-02 3.4282940940041651e+00
1.8958447246432553e+14 3.9002663994066641e-02 3.4916533934900218e+00
1.8962624956270903e+14 3.8866702822296623e-02 3.5550569662783809e+00
1.8966802666109253e+14 3.8713476700410837e-02 3.6184331411283290e+00
1.8970980375947603e+14 3.8543660869874444e-02 3.6817108255612543e+00
1.8975158085785953e+14 3.8358201230771154e-02 3.7448201427755556e+00
1.8979335795624303e+14 3.8158301563370668e-02 3.8076930840136822e+00
1.8983513505462653e+14 3.7945408625752838e-02 3.8702641854084874e+00
1.8987691215301003e+14 3.7721195052092905e-02 3.9324712361321308e+00
1.8991868925139353e+14 3.7487539936635714e-02 3.9942560217047833e+00
1.8996046634977703e+14 3.7246506962645205e-02 4.0555651025502133e+00
1.9000224344816053e+14 3.7000319927267822e-02 4.1163506232930640e+00
1.9004402054654403e+14 3.6751335526023658e-02 4.1765711429199719e+00
1.9008579764492753e+14 3.6502013298364076e-02 4.2361924698835054e+00
1.9012757474331103e+14 3.6254882701639159e-02 4.2951884797490436e+00
1.9016935184169453e+14 3.6012507377051056e-02 4.3535418864399107e+00
1.9021112894007803e+14 3.5777446798327769e-02 4.4112449320342950e+00
1.9025290603846153e+14 3.5552215649542376e-02 4.4682999550896083e+00
1.9029468313684503e+14 3.5339241457395594e-02 4.5247197943710731e+00
1.9033646023522853e+14 3.5140821195927464e-02 4.5805279844589029e+00
1.9037823733361203e+14 3.4959077774556181e-02 4.6357587027363554e+00
1.9042001443199553e+14 3.4795917496764507e-02 4.6904564342336474e+00
1.9046179153037903e+14 3.4652989717231408e-02 4.7446753318942303e+00
1.9050356862876253e+14 3.4531650010374601e-02 4.7984782647089634e+00
1.9054534572714603e+14 3.4432928175655735e-02 4.8519355639516277e+00
1.9058712282552953e+14 3.4357502332615593e-02 4.9051234970184474e+00
1.9062889992391303e+14 3.4305680197025359e-02 4.9581225172870820e+00
1.9067067702229653e+14 3.4277388383964776e-02 5.0110153549258687e+00
1.9071245412068003e+14 3.4272170269066718e-02 5.0638850257894443e+00
1.9075423121906353e+14 3.4289192579501145e-02 5.1168128419312424e+00
1.9079600831744703e+14 3.4327260510991477e-02 5.1698765070428658e+00
1.9083778541583053e+14 3.4384840808055907e-02 5.2231483733271356e+00
1.9087956251421403e+14 3.4460091931061108e-02 5.2766939237798578e+00
1.9092133961259753e+14 3.4550900188798923e-02 5.3305705271287529e+00
1.9096311671098103e+14 3.4654920553697129e-02 5.3848264936983563e+00
1.9100489380936453e+14 3.4769620803102863e-02 5.4395004412597512e+00
1.9104667090774803e+14 3.4892327639480976e-02 5.4946209623110738e+00
1.9108844800613153e+14 3.5020273522966515e-02 5.5502065695989948e+00
1.9113022510451506e+14 3.5150643084007255e-02 5.6062658858907319e+00
1.9117200220289856e+14 3.5280618153168020e-02 5.6627980373040927e+00
1.9121377930128206e+14 3.5407420630686880e-02 5.7197932067348294e+00
1.9125555639966556e+14 3.5528352603998774e-02 5.7772333045141124e+00
1.9129733349804906e+14 3.5640833294588885e-02 5.8350927166626265e+00
1.9133911059643256e+14 3.5742432567458175e-02 5.8933390961583587e+00
1.9138088769481606e+14 3.5830900862406340e-02 5.9519341687402907e+00
1.9142266479319956e+14 3.5904195504368269e-02 6.0108345312705245e+00
1.9146444189158306e+14 3.5960503421250581e-02 6.0699924270643528e+00
1.9150621898996656e+14 3.5998260344172070e-02 6.1293564885108829e+00
1.9154799608835006e+14 3.6016166590454576e-02 6.1888724425226611e+00
1.9158977318673356e+14 3.6013199537723667e-02 6.2484837787655403e+00
1.9163155028511706e+14 3.5988622891900322e-02 6.3081323841906469e+00
1.9167332738350056e+14 3.5941992836406970e-02 6.3677591501526631e+00
1.9171510448188406e+14 3.5873161127448157e-02 6.4273045603888193e+00
1.9175688158026756e+14 3.5782275173873543e-02 6.4867092694139181e+00
1.9179865867865106e+14 3.5669775112097915e-02 6.5459146814953346e+00
1.9184043577703456e+14 3.5536387859163181e-02 6.6048635403380951e+00
1.9188221287541806e+14 3.5383118102401981e-02 6.6635005389303430e+00
1.9192398997380156e+14 3.5211236164305333e-02 6.7217729576525720e+00
1.9196576707218506e+14 3.5022262668550880e-02 6.7796313366984036e+00
1.9200754417056856e+14 3.4817949930018660e-02 6.8370301860355305e+00
1.9204932126895206e+14 3.4600260000838087e-02 6.8939287325099112e+00
1.9209109836733556e+14 3.4371339328978623e-02 6.9502916992481021e+00
1.9213287546571906e+14 3.4133490028578954e-02 7.0060901072682835e+00
1.9217465256410256e+14 3.3889137824864420e-02 7.0613020832934925e+00
1.9221642966248606e+14 3.3640796823273346e-02 7.1159136513919297e+00
1.9225820676086956e+14 3.3391031363155306e-02 7.1699194796157890e+00
1.9229998385925306e+14 3.3142415350328941e-02 7.2233235467832078e+00
1.9234176095763656e+14 3.2897489616379616e-02 7.2761396896074979e+00
1.9238353805602006e+14 3.2658718019319972e-02 7.3283919872842578e+00
1.9242531515440356e+14 3.2428443170281353e-02 7.3801149402079842e+00
1.9246709225278706e+14 3.2208842830661215e-02 7.4313534024349170e+00
1.9250886935117056e+14 3.2001888157648824e-02 7.4821622343586718e+00
1.9255064644955406e+14 3.1809305065741596e-02 7.5326056530055734e+00
1.9259242354793756e+14 3.1632540000655879e-02 7.5827562720628929e+00
1.9263420064632106e+14 3.1472731376419441e-02 7.6326938413845493e+00
1.9267597774470456e+14 3.1330687797759563e-02 7.6825037148601041e+00
1.9271775484308806e+14 3.1206873978497991e-02 7.7322750943765071e+00
1.9275953194147156e+14 3.1101404981025819e-02 7.7820991141264138e+00
1.9280130903985506e+14 3.1014049060437601e-02 7.8320668418123578e+00
1.9284308613823856e+14 3.0944239025166839e-02 7.8822672798611402e+00
1.9288486323662206e+14 3.0891091653823272e-02 7.9327854497738830e+00
1.9292664033500556e+14 3.0853434366615560e-02 7.9837006361947793e+00
1.9296841743338906e+14 3.0829838065820993e-02 8.0350848550105045e+00
1.9301019453177256e+14 3.0818654853942203e-02 8.0870015932938575e+00
1.9305197163015606e+14 3.0818059221171163e-02 8.1395048500913205e+00
1.9309374872853956e+14 3.0826091266860662e-02 8.1926384879392877e+00
1.9313552582692306e+14 3.0840700575060827e-02 8.2464358873947532e+00
1.9317730292530656e+14 3.0859789487186918e-02 8.3009198821764869e+00
1.9321908002369006e+14 3.0881254686956572e-02 8.3561029415958448e+00
1.9326085712207356e+14 3.0903026213820999e-02 8.4119875601091962e+00
1.9330263422045706e+14 3.0923103232535512e-02 8.4685668108730852e+00
1.9334441131884056e+14 3.0939586092524292e-02 8.5258250206032180e+00
1.9338618841722406e+14 3.0950704399030728e-02 8.5837385260873695e+00
1.9342796551560756e+14 3.0954840981378923e-02 8.6422764775866305e+00
1.9346974261399106e+14 3.0950551777393632e-02 8.7014016602983162e+00
1.9351151971237456e+14 3.0936581756630183e-02 8.7610713113977585e+00
1.9355329681075806e+14 3.0911877079756622e-02 8.8212379164069112e+00
1.9359507390914156e+14 3.0875593740226637e-02 8.8818499743793993e+00
1.9363685100752506e+14 3.0827979584117655e-02 8.9428674321448121e+00
1.9367862810590856e+14 3.0768703378665493e-02 9.0042276313466125e+00
1.9372040520429209e+14 3.0696704570819338e-02 9.0658545458250703e+00
1.9376218230267559e+14 3.0611982885624691e-02 9.1276873223761363e+00
1.9380395940105909e+14 3.0514746897983763e-02 9.1896644663204405e+00
1.9384573649944259e+14 3.0405407438253242e-02 9.2517244263299521e+00
1.9388751359782609e+14 3.0284569194869035e-02 9.3138061691711727e+00
1.9392929069620959e+14 3.0153020646037226e-02 9.3758497517022779e+00
1.9397106779459309e+14 3.0011722420333377e-02 9.4377968966145698e+00
1.9401284489297659e+14 2.9861794156637620e-02 9.4995915770096406e+00
1.9405462199136009e+14 2.9704499908723841e-02 9.5611806129758374e+00
1.9409639908974359e+14 2.9541232120757481e-02 9.6225142808769508e+00
1.9413817618812709e+14 2.9373494188486369e-02 9.6835469331259407e+00
1.9417995328651059e+14 2.9202881618806815e-02 9.7442376228410073e+00
1.9422173038489409e+14 2.9031061809247079e-02 9.8045507240506566e+00
1.9426350748327759e+14 2.8859752490028725e-02 9.8644565341829669e+00
1.9430528458166109e+14 2.8690698905769058e-02 9.9239318416399129e+00
1.9434706168004459e+14 2.8525649861810134e-02 9.9829604376004362e+00
1.9438883877842809e+14 2.8366332820809293e-02 1.0041533548153577e+01
1.9443061587681159e+14 2.8214428306715209e-02 1.0099650160830659e+01
1.9447239297519509e+14 2.8071543952139615e-02 1.0157317218986606e+01
1.9451417007357859e+14 2.7939188606546601e-02 1.0214549658657448e+01
1.9455594717196209e+14 2.7818747000255328e-02 1.0271370265790278e+01
1.9459772427034559e+14 2.7711455525687687e-02 1.0327809337238833e+01
1.9463950136872909e+14 2.7618379744732070e-02 1.0383904136575083e+01
1.9468127846711259e+14 2.7540394252176952e-02 1.0439698145260328e+01
1.9472305556549609e+14 2.7478165513811874e-02 1.0495240120449198e+01
1.9476483266387959e+14 2.7432138250266393e-02 1.0550582981851834e+01
1.9480660976226309e+14 2.7402525853425102e-02 1.0605782560657799e+01
1.9484838686064659e+14 2.7389305204385199e-02 1.0660896252515078e+01
1.9489016395903009e+14 2.7392216116925373e-02 1.0715981623019616e+01
1.9493194105741359e+14 2.7410765468215335e-02 1.0771095017416378e+01
1.9497371815579709e+14 2.7444235910497980e-02 1.0826290225877148e+01
1.9501549525418059e+14 2.7491698896151502e-02 1.0881617251848004e+01
1.9505727235256409e+14 2.7552031605432997e-02 1.0937121223981833e+01
1.9509904945094759e+14 2.7623937250440059e-02 1.0992841482833896e+01
1.9514082654933109e+14 2.7705968146905256e-02 1.1048810862771585e+01
1.9518260364771459e+14 2.7796550899699395e-02 1.1105055178448705e+01
1.9522438074609809e+14 2.7894013037762740e-02 1.1161592914686000e+01
1.9526615784448159e+14 2.7996610455434098e-02 1.1218435109462980e+01
1.9530793494286509e+14 2.8102555064064904e-02 1.1275585412498335e+01
1.9534971204124859e+14 2.8210042122952927e-02 1.1333040296851635e+01
1.9539148913963209e+14 2.8317276794516962e-02 1.1390789398133247e+01
1.9543326623801559e+14 2.8422499548721374e-02 1.1448815955092924e+01
1.9547504333639909e+14 2.8524010119333587e-02 1.1507097326242411e+01
1.9551682043478259e+14 2.8620189786266959e-02 1.1565605559365538e+01
1.9555859753316609e+14 2.8709521819978170e-02 1.1624307993866635e+01
1.9560037463154959e+14 2.8790609974734878e-02 1.1683167879516168e+01
1.9564215172993309e+14 2.8862194956543987e-02 1.1742144998944877e+01
1.9568392882831659e+14 2.8923168819464527e-02 1.1801196284939300e+01
1.9572570592670009e+14 2.8972587261536838e-02 1.1860276427011009e+01
1.9576748302508359e+14 2.9009679800538996e-02 1.1919338464713631e+01
1.9580926012346709e+14 2.9033857811556235e-02 1.1978334367683711e+01
1.9585103722185059e+14 2.9044720404960592e-02 1.2037215604334836e+01
1.9589281432023409e+14 2.9042058116491829e-02 1.2095933702529081e+01
1.9593459141861759e+14 2.9025854372380391e-02 1.2154440806375352e+01
1.9597636851700109e+14 2.8996284683865947e-02 1.2212690233565354e+01
1.9601814561538459e+14 2.8953713518162540e-02 1.2270637037365079e+01
1.9605992271376809e+14 2.8898688789124358e-02 1.2328238576528033e+01
1.9610169981215159e+14 2.8831933911759765e-02 1.2385455094999609e+01
1.9614347691053512e+14 2.8754337372216963e-02 1.2442250311348829e+01
1.9618525400891862e+14 2.8666939780431340e-02 1.2498592015417584e+01
1.9622703110730212e+14 2.8570918397904720e-02 1.2554452666773491e+01
1.9626880820568562e+14 2.8467569169317801e-02 1.2609809986268386e+01
1.9631058530406912e+14 2.8358286335006339e-02 1.2664647528479952e+01
1.9635236240245262e+14 2.8244539762065448e-02 1.2718955219235935e+01
1.9639413950083612e+14 2.8127850204705551e-02 1.2772729839036872e+01
1.9643591659921962e+14 2.8009762788072226e-02 1.2825975430327372e+01
1.9647769369760312e+14 2.7891819101260984e-02 1.2878703604565487e+01
1.9651947079598662e+14 2.7775528380649232e-02 1.2930933724292206e+01
1.9656124789437012e+14 2.7662338358186635e-02 1.2982692936263149e+01
1.9660302499275362e+14 2.7553606433969716e-02 1.3034016034464869e+01
1.9664480209113712e+14 2.7450571900487618e-02 1.3084945136650720e+01
1.9668657918952062e+14 2.7354329988991170e-02 1.3135529164873153e+01
1.9672835628790412e+14 2.7265808519167826e-02 1.3185823129097390e+01
1.9677013338628762e+14 2.7185747905666149e-02 1.3235887222863445e+01
1.9681191048467112e+14 2.7114685205687661e-02 1.3285785750385967e+01
1.9685368758305462e+14 2.7052942781009691e-02 1.3335585914570597e+01
1.9689546468143812e+14 2.7000621999508031e-02 1.3385356504230113e+01
1.9693724177982162e+14 2.6957602223245107e-02 1.3435166525416063e+01
1.9697901887820512e+14 2.6923545133856669e-02 1.3485083825551397e+01
1.9702079597658862e+14 2.6897904244358905e-02 1.3535173759536123e+01
1.9706257307497212e+14 2.6879939253864206e-02 1.3585497944163286e+01
1.9710435017335562e+14 2.6868734730861574e-02 1.3636113141325520e+01
1.9714612727173912e+14 2.6863222472684502e-02 1.3687070302249813e+01
1.9718790437012262e+14 2.6862206790597632e-02 1.3738413795203503e+01
1.9722968146850612e+14 2.6864391915254044e-02 1.3790180828720420e+01
1.9727145856688962e+14 2.6868410704953567e-02 1.3842401072306995e+01
1.9731323566527312e+14 2.6872853865726735e-02 1.3895096467579746e+01
1.9735501276365662e+14 2.6876298950436788e-02 1.3948281215428930e+01
1.9739678986204012e+14 2.6877338486210160e-02 1.4001961919412992e+01
1.9743856696042362e+14 2.6874606676575121e-02 1.4056137862266704e+01
1.9748034405880712e+14 2.6866804228659117e-02 1.4110801391027410e+01
1.9752212115719062e+14 2.6852720959585540e-02 1.4165938386598365e+01
1.9756389825557412e+14 2.6831255934059026e-02 1.4221528795231642e+01
1.9760567535395762e+14 2.6801434973223626e-02 1.4277547202036551e+01
1.9764745245234112e+14 2.6762425450613494e-02 1.4333963429843340e+01
1.9768922955072462e+14 2.6713548353457895e-02 1.4390743150241923e+01
1.9773100664910812e+14 2.6654287636678046e-02 1.4447848497101521e+01
1.9777278374749162e+14 2.6584296933462887e-02 1.4505238676147130e+01
1.9781456084587512e+14 2.6503403711650192e-02 1.4562870567079871e+01
1.9785633794425862e+14 2.6411610980965037e-02 1.4620699317171443e+01
1.9789811504264212e+14 2.6309096664097965e-02 1.4678678927187249e+01
1.9793989214102562e+14 2.6196210746605011e-02 1.4736762831858579e+01
1.9798166923940912e+14 2.6073470318157030e-02 1.4794904477922358e+01
1.9802344633779262e+14 2.5941552612622220e-02 1.4853057902972798e+01
1.9806522343617612e+14 2.5801286148183389e-02 1.4911178318020289e+01
1.9810700053455962e+14 2.5653640062747330e-02 1.4969222695742456e+01
1.9814877763294312e+14 2.5499711735649976e-02 1.5027150364943777e+01
1.9819055473132662e+14 2.5340712785539850e-02 1.5084923609745580e+01
1.9823233182971012e+14 2.5177953537468770e-02 1.5142508269545857e+01
1.9827410892809362e+14 2.5012826061049175e-02 1.5199874332890010e+01
1.9831588602647712e+14 2.4846785896757768e-02 1.5256996515197939e+01
1.9835766312486062e+14 2.4681332610107430e-02 1.5313854806954641e+01
1.9839944022324412e+14 2.4517989343419703e-02 1.5370434975716432e+01
1.9844121732162762e+14 2.4358281572212207e-02 1.5426729002385125e+01
1.9848299442001112e+14 2.4203715316541623e-02 1.5482735429984247e+01
1.9852477151839462e+14 2.4055755105045550e-02 1.5538459601988317e+01
1.9856654861677812e+14 2.3915802038002167e-02 1.5593913767456986e+01
1.9860832571516162e+14 2.3785172341491953e-02 1.5649117032111949e+01
1.9865010281354512e+14 2.3665076843357790e-02 1.5704095138270940e+01
1.9869187991192862e+14 2.3556601827814161e-02 1.5758880062256466e+01
1.9873365701031212e+14 2.3460691734754232e-02 1.5813509425390055e+01
1.9877543410869566e+14 2.3378134157670420e-02 1.5868025723571545e+01
1.9881721120707916e+14 2.3309547558140960e-02 1.5922475390137729e+01
1.9885898830546266e+14 2.3255372053899773e-02 1.5976907716436722e+01
1.9890076540384616e+14 2.3215863553688505e-02 1.6031373663430038e+01
1.9894254250222966e+14 2.3191091408766851e-02 1.6085924604826921e+01
1.9898431960061316e+14 2.3180939634820326e-02 1.6140611046982769e+01
1.9902609669899666e+14 2.3185111636563106e-02 1.6195481372565919e+01
1.9906787379738016e+14 2.3203138249229687e-02 1.6250580653613980e+01
1.9910965089576366e+14 2.3234388804743471e-02 1.6305949575197673e+01
1.9915142799414716e+14 2.3278084842620023e-02 1.6361623503963031e+01
1.9919320509253066e+14 2.3333316021855868e-02 1.6417631727026425e+01
1.9923498219091416e+14 2.3399057752734848e-02 1.6473996876928481e+01
1.9927675928929766e+14 2.3474190056771174e-02 1.6530734548473980e+01
1.9931853638768116e+14 2.3557517176621315e-02 1.6587853104113613e+01
1.9936031348606466e+14 2.3647787491711453e-02 1.6645353656679102e+01
1.9940209058444816e+14 2.3743713344208488e-02 1.6703230212189204e+01
1.9944386768283166e+14 2.3843990438232147e-02 1.6761469951292941e+01
1.9948564478121516e+14 2.3947316537255642e-02 1.6820053625683414e+01
1.9952742187959866e+14 2.4052409245716003e-02 1.6878956045330419e+01
1.9956919897798216e+14 2.4158022716948498e-02 1.6938146633345387e+01
1.9961097607636566e+14 2.4262963178126463e-02 1.6997590027365558e+01
1.9965275317474916e+14 2.4366103202081522e-02 1.7057246709162467e+01
1.9969453027313266e+14 2.4466394685188790e-02 1.7117073647412678e+01
1.9973630737151616e+14 2.4562880510106435e-02 1.7177024941928753e+01
1.9977808446989966e+14 2.4654704882610831e-02 1.7237052460898560e+01
1.9981986156828316e+14 2.4741122334651599e-02 1.7297106465664548e+01
1.9986163866666666e+14 2.4821505382093306e-02 1.7357136220152462e+01
